object={
	name="reeds_01_generator_1_0"
	clamp_to_water_level=no
	render_under_water=no
	generated_content=yes
	layer="grass_layer"
	pdxmesh="reeds_06_grass_mesh"
	count=192
	transform="3004.098389 0.000000 939.590698 0.000000 0.283395 0.000000 0.959003 0.996796 0.996796 0.996796
2982.592773 0.000000 948.169739 0.000000 0.194781 0.000000 0.980847 0.982839 0.982839 0.982839
3059.329834 0.000000 932.615662 0.000000 0.680318 0.000000 0.732917 0.987678 0.987678 0.987678
3052.848633 0.000000 932.170776 0.000000 0.647231 0.000000 0.762294 0.980523 0.980523 0.980523
3055.807129 0.000000 935.229980 0.000000 0.057343 0.000000 0.998354 0.969773 0.969773 0.969773
3998.231689 0.000000 99.793129 0.000000 0.538996 0.000000 0.842308 0.989998 0.989998 0.989998
4004.798096 0.000000 106.263641 0.000000 0.026342 0.000000 0.999653 0.942163 0.942163 0.942163
4031.135498 0.000000 107.694077 0.000000 0.396734 0.000000 0.917933 0.947744 0.947744 0.947744
4010.893799 0.000000 108.938004 0.000000 0.686567 0.000000 0.727067 0.965451 0.965451 0.965451
4007.004883 0.000000 105.769295 0.000000 0.036777 0.000000 0.999323 0.919576 0.919576 0.919576
3995.281006 0.000000 103.446503 0.000000 0.300101 0.000000 0.953907 0.933627 0.933627 0.933627
4047.091309 0.000000 96.933266 0.000000 0.475281 0.000000 0.879834 0.991945 0.991945 0.991945
4036.760742 0.000000 102.016556 0.000000 0.521665 0.000000 0.853151 0.992346 0.992346 0.992346
4059.076660 0.000000 96.234650 0.000000 0.520486 0.000000 0.853870 0.946347 0.946347 0.946347
4057.018555 0.000000 94.453308 0.000000 0.569331 0.000000 0.822108 0.971087 0.971087 0.971087
4053.552734 0.000000 97.717178 0.000000 0.337441 0.000000 0.941347 0.951004 0.951004 0.951004
4049.697266 0.000000 100.186005 0.000000 0.142355 0.000000 0.989816 0.925136 0.925136 0.925136
4048.769287 0.000000 102.953613 0.000000 0.295144 0.000000 0.955453 0.952396 0.952396 0.952396
4042.113525 0.000000 103.758743 0.000000 0.242415 0.000000 0.970173 0.930484 0.930484 0.930484
4039.001221 0.000000 105.651520 0.000000 0.141894 0.000000 0.989882 0.925111 0.925111 0.925111
4005.499756 0.000000 185.393600 0.000000 0.640680 0.000000 0.767808 0.989072 0.989072 0.989072
4001.524170 0.000000 157.135834 0.000000 0.651825 0.000000 0.758369 0.972062 0.972062 0.972062
4003.493896 0.000000 187.165817 0.000000 0.572743 0.000000 0.819735 0.949620 0.949620 0.949620
3997.020264 0.000000 193.676788 0.000000 0.308966 0.000000 0.951073 0.984313 0.984313 0.984313
4002.496338 0.000000 195.658859 0.000000 0.635982 0.000000 0.771704 0.953784 0.953784 0.953784
4002.713867 0.000000 199.839462 0.000000 0.549027 0.000000 0.835805 0.960471 0.960471 0.960471
3091.250488 0.000000 934.000549 0.000000 0.113670 0.000000 0.993519 0.981814 0.981814 0.981814
3086.993652 0.000000 936.441162 0.000000 0.588066 0.000000 0.808813 0.990592 0.990592 0.990592
3239.931152 0.000000 957.721863 0.000000 0.705412 0.000000 0.708797 0.990166 0.990166 0.990166
3260.067139 0.000000 939.590698 0.000000 0.391455 0.000000 0.920197 0.997083 0.997083 0.997083
3250.785156 0.000000 950.346741 0.000000 0.437766 0.000000 0.899089 0.986048 0.986048 0.986048
3244.556152 0.000000 954.002991 0.000000 0.553142 0.000000 0.833087 0.987709 0.987709 0.987709
3257.913086 0.000000 927.770325 0.000000 0.118155 0.000000 0.992995 0.981871 0.981871 0.981871
3227.976562 0.000000 967.430359 0.000000 0.710087 0.000000 0.704114 0.992199 0.992199 0.992199
3254.662842 0.000000 960.517883 0.000000 0.042318 0.000000 0.999104 0.984736 0.984736 0.984736
3229.114014 0.000000 961.489258 0.000000 0.085543 0.000000 0.996334 0.988877 0.988877 0.988877
3223.091064 0.000000 965.068604 0.000000 0.111979 0.000000 0.993711 0.981793 0.981793 0.981793
3201.954346 0.000000 980.344055 0.000000 0.581966 0.000000 0.813213 0.988146 0.988146 0.988146
3270.390137 0.000000 964.453064 0.000000 0.182723 0.000000 0.983164 0.989612 0.989612 0.989612
3294.328125 0.000000 1003.959656 0.000000 0.587322 0.000000 0.809353 0.988228 0.988228 0.988228
3229.114014 0.000000 1025.473633 0.000000 0.067114 0.000000 0.997745 0.984984 0.984984 0.984984
3314.777344 0.000000 1078.315552 0.000000 0.319213 0.000000 0.947683 0.984448 0.984448 0.984448
3279.974365 0.000000 1085.891479 0.000000 0.229545 0.000000 0.973298 0.983283 0.983283 0.983283
3326.960449 0.000000 1079.819824 0.000000 0.044489 0.000000 0.999010 0.980948 0.980948 0.980948
3277.585449 0.000000 1073.409546 0.000000 0.680097 0.000000 0.733122 0.989728 0.989728 0.989728
3322.156250 0.000000 1082.178101 0.000000 0.551857 0.000000 0.833938 0.975379 0.975379 0.975379
3299.097656 0.000000 1088.296875 0.000000 0.219408 0.000000 0.975633 0.996631 0.996631 0.996631
3305.036621 0.000000 1089.805542 0.000000 0.723463 0.000000 0.690363 0.990488 0.990488 0.990488
3303.923340 0.000000 1277.643799 0.000000 0.543234 0.000000 0.839581 0.990049 0.990049 0.990049
3303.448975 0.000000 1255.142212 0.000000 0.302786 0.000000 0.953059 0.981078 0.981078 0.981078
3308.142822 0.000000 1278.468506 0.000000 0.358981 0.000000 0.933345 0.969951 0.969951 0.969951
3317.971680 0.000000 1270.478149 0.000000 0.566549 0.000000 0.824028 0.970986 0.970986 0.970986
3352.609131 0.000000 1046.082153 0.000000 0.330419 0.000000 0.943834 0.984596 0.984596 0.984596
3349.096436 0.000000 1050.014160 0.000000 0.510661 0.000000 0.859782 0.989666 0.989666 0.989666
3332.505371 0.000000 1077.170776 0.000000 0.540031 0.000000 0.841645 0.987513 0.987513 0.987513
3342.962402 0.000000 1064.409912 0.000000 0.733743 0.000000 0.679427 0.990676 0.990676 0.990676
3362.027100 0.000000 1075.744873 0.000000 0.002716 0.000000 0.999996 0.980426 0.980426 0.980426
3327.966553 0.000000 1091.027466 0.000000 0.314705 0.000000 0.949190 0.993755 0.993755 0.993755
3369.028809 0.000000 1089.805542 0.000000 0.299322 0.000000 0.954152 0.987349 0.987349 0.987349
3428.934082 0.000000 1120.864746 0.000000 0.062950 0.000000 0.998017 0.996236 0.996236 0.996236
3411.461914 0.000000 1109.213257 0.000000 0.650870 0.000000 0.759190 0.989239 0.989239 0.989239
3417.775391 0.000000 1115.573730 0.000000 0.405879 0.000000 0.913927 0.985609 0.985609 0.985609
3432.744873 0.000000 1117.889038 0.000000 0.508660 0.000000 0.860968 0.987053 0.987053 0.987053
3395.754883 0.000000 1088.988037 0.000000 0.595012 0.000000 0.803717 0.979025 0.979025 0.979025
3349.658691 0.000000 1260.325928 0.000000 0.031637 0.000000 0.999499 0.976945 0.976945 0.976945
3350.603027 0.000000 1256.242432 0.000000 0.115770 0.000000 0.993276 0.949153 0.949153 0.949153
3338.739746 0.000000 1264.203247 0.000000 0.464139 0.000000 0.885762 0.970118 0.970118 0.970118
3339.451660 0.000000 1295.116089 0.000000 0.352606 0.000000 0.935772 0.984890 0.984890 0.984890
3342.333496 0.000000 1290.852539 0.000000 0.326460 0.000000 0.945211 0.978361 0.978361 0.978361
3334.418457 0.000000 1294.591064 0.000000 0.558625 0.000000 0.829421 0.987791 0.987791 0.987791
3339.377197 0.000000 1312.854980 0.000000 0.691137 0.000000 0.722723 0.985884 0.985884 0.985884
3402.958740 0.000000 1381.479980 0.000000 0.273940 0.000000 0.961747 0.993542 0.993542 0.993542
3420.358643 0.000000 1358.982666 0.000000 0.735543 0.000000 0.677477 0.992567 0.992567 0.992567
3406.954590 0.000000 1384.331787 0.000000 0.586684 0.000000 0.809816 0.990575 0.990575 0.990575
3416.871338 0.000000 1361.624268 0.000000 0.735370 0.000000 0.677666 0.986988 0.986988 0.986988
3516.035889 0.000000 1323.496948 0.000000 0.542901 0.000000 0.839797 0.987556 0.987556 0.987556
3510.949951 0.000000 1300.213745 0.000000 0.247287 0.000000 0.968942 0.993405 0.993405 0.993405
3581.000244 0.000000 1300.511108 0.000000 0.617424 0.000000 0.786630 0.993219 0.993219 0.993219
3543.859863 0.000000 1289.611084 0.000000 0.581936 0.000000 0.813235 0.988145 0.988145 0.988145
3641.866211 0.000000 1055.739014 0.000000 0.704922 0.000000 0.709285 0.990158 0.990158 0.990158
3619.851562 0.000000 1040.300049 0.000000 0.237093 0.000000 0.971487 0.973408 0.973408 0.973408
3661.538574 0.000000 1073.409546 0.000000 0.645948 0.000000 0.763381 0.989158 0.989158 0.989158
3628.778320 0.000000 1124.123901 0.000000 0.555198 0.000000 0.831718 0.992644 0.992644 0.992644
3645.873047 0.000000 1127.879517 0.000000 0.517948 0.000000 0.855412 0.982064 0.982064 0.982064
3637.551758 0.000000 1213.784912 0.000000 0.670404 0.000000 0.741997 0.987477 0.987477 0.987477
3641.973389 0.000000 1229.228638 0.000000 0.216487 0.000000 0.976286 0.989870 0.989870 0.989870
3645.576904 0.000000 1225.970947 0.000000 0.425007 0.000000 0.905190 0.985872 0.985872 0.985872
3652.916016 0.000000 1240.029541 0.000000 0.687149 0.000000 0.726516 0.991879 0.991879 0.991879
3662.923340 0.000000 1256.363037 0.000000 0.670976 0.000000 0.741479 0.989574 0.989574 0.989574
4136.658691 0.000000 222.107819 0.000000 0.583078 0.000000 0.812416 0.952651 0.952651 0.952651
4186.821289 0.000000 267.830139 0.000000 0.028535 0.000000 0.999593 0.973048 0.973048 0.973048
4186.518555 0.000000 260.484650 0.000000 0.596295 0.000000 0.802765 0.965101 0.965101 0.965101
4184.322266 0.000000 289.608643 0.000000 0.191884 0.000000 0.981418 0.965605 0.965605 0.965605
4189.636719 0.000000 260.591492 0.000000 0.025343 0.000000 0.999679 0.918976 0.918976 0.918976
4190.994141 0.000000 264.529663 0.000000 0.445945 0.000000 0.895060 0.944648 0.944648 0.944648
4185.018555 0.000000 295.418671 0.000000 0.430482 0.000000 0.902599 0.966274 0.966274 0.966274
4187.802246 0.000000 290.653473 0.000000 0.692579 0.000000 0.721342 0.957757 0.957757 0.957757
4190.609863 0.000000 277.399658 0.000000 0.111000 0.000000 0.993820 0.930766 0.930766 0.930766
4187.022949 0.000000 258.414551 0.000000 0.661485 0.000000 0.749958 0.955541 0.955541 0.955541
4165.480469 0.000000 331.094116 0.000000 0.731109 0.000000 0.682261 0.977506 0.977506 0.977506
4168.713379 0.000000 326.821747 0.000000 0.627906 0.000000 0.778289 0.953238 0.953238 0.953238
4167.003418 0.000000 329.394562 0.000000 0.304152 0.000000 0.952624 0.940150 0.940150 0.940150
4167.483887 0.000000 331.367828 0.000000 0.670298 0.000000 0.742092 0.956161 0.956161 0.956161
4327.798340 0.000000 381.862518 0.000000 0.176958 0.000000 0.984218 0.986090 0.986090 0.986090
4351.065918 0.000000 366.772308 0.000000 0.005861 0.000000 0.999983 0.917954 0.917954 0.917954
4319.680664 0.000000 383.671143 0.000000 0.664076 0.000000 0.747665 0.955723 0.955723 0.955723
4318.337402 0.000000 380.891693 0.000000 0.345003 0.000000 0.938602 0.972620 0.972620 0.972620
4188.265137 0.000000 399.217041 0.000000 0.499424 0.000000 0.866358 0.986920 0.986920 0.986920
4263.412598 0.000000 409.489960 0.000000 0.730452 0.000000 0.682964 0.994369 0.994369 0.994369
4273.184082 0.000000 412.289886 0.000000 0.621976 0.000000 0.783036 0.952840 0.952840 0.952840
4262.281738 0.000000 414.981293 0.000000 0.705095 0.000000 0.709112 0.968514 0.968514 0.968514
4273.960449 0.000000 410.088226 0.000000 0.512488 0.000000 0.858695 0.945857 0.945857 0.945857
4311.766113 0.000000 393.829865 0.000000 0.448499 0.000000 0.893783 0.947551 0.947551 0.947551
4308.854492 0.000000 395.531891 0.000000 0.563774 0.000000 0.825929 0.944196 0.944196 0.944196
4317.621094 0.000000 388.560242 0.000000 0.175341 0.000000 0.984508 0.933851 0.933851 0.933851
4309.805176 0.000000 391.829987 0.000000 0.012515 0.000000 0.999922 0.949426 0.949426 0.949426
4315.007324 0.000000 386.383301 0.000000 0.326994 0.000000 0.945026 0.938202 0.938202 0.938202
4389.453125 0.000000 377.346710 0.000000 0.509718 0.000000 0.860342 0.945688 0.945688 0.945688
4355.726562 0.000000 367.282959 0.000000 0.043651 0.000000 0.999047 0.919936 0.919936 0.919936
4363.527832 0.000000 365.575867 0.000000 0.002627 0.000000 0.999997 0.925615 0.925615 0.925615
4386.376953 0.000000 375.618774 0.000000 0.378894 0.000000 0.925440 0.943923 0.943923 0.943923
4361.061523 0.000000 365.321045 0.000000 0.408072 0.000000 0.912950 0.939684 0.939684 0.939684
4387.136230 0.000000 373.635315 0.000000 0.088048 0.000000 0.996116 0.914866 0.914866 0.914866
4415.058105 0.000000 430.756683 0.000000 0.191765 0.000000 0.981441 0.951842 0.951842 0.951842
4413.484863 0.000000 413.807678 0.000000 0.624556 0.000000 0.780980 0.982100 0.982100 0.982100
4413.960938 0.000000 410.962555 0.000000 0.637837 0.000000 0.770171 0.958300 0.958300 0.958300
4418.269531 0.000000 423.848480 0.000000 0.606197 0.000000 0.795314 0.951792 0.951792 0.951792
4421.517090 0.000000 469.331055 0.000000 0.624433 0.000000 0.781078 0.970908 0.970908 0.970908
4418.233887 0.000000 466.028259 0.000000 0.396351 0.000000 0.918099 0.947726 0.947726 0.947726
4290.239258 0.000000 669.385925 0.000000 0.098628 0.000000 0.995124 0.970600 0.970600 0.970600
4296.624023 0.000000 657.041870 0.000000 0.658449 0.000000 0.752626 0.972347 0.972347 0.972347
4294.970215 0.000000 658.438843 0.000000 0.731310 0.000000 0.682045 0.947534 0.947534 0.947534
4294.445312 0.000000 664.653198 0.000000 0.179979 0.000000 0.983670 0.888967 0.888967 0.888967
4277.303711 0.000000 709.137024 0.000000 0.671554 0.000000 0.740955 0.941666 0.941666 0.941666
4310.204590 0.000000 782.132202 0.000000 0.201324 0.000000 0.979525 0.959014 0.959014 0.959014
4311.927734 0.000000 780.282532 0.000000 0.493490 0.000000 0.869752 0.939439 0.939439 0.939439
5185.343262 0.000000 490.902008 0.000000 0.624709 0.000000 0.780858 0.995526 0.995526 0.995526
5242.637207 0.000000 474.483643 0.000000 0.592966 0.000000 0.805228 0.990652 0.990652 0.990652
5206.095215 0.000000 462.210327 0.000000 0.695231 0.000000 0.718787 0.989988 0.989988 0.989988
5217.035156 0.000000 488.759216 0.000000 0.546841 0.000000 0.837237 0.987615 0.987615 0.987615
5197.351074 0.000000 497.550110 0.000000 0.534367 0.000000 0.845253 0.979887 0.979887 0.979887
5212.993164 0.000000 467.304779 0.000000 0.644705 0.000000 0.764431 0.989138 0.989138 0.989138
5289.968262 0.000000 431.741058 0.000000 0.456913 0.000000 0.889512 0.991789 0.991789 0.991789
5338.321777 0.000000 425.711731 0.000000 0.313514 0.000000 0.949584 0.987498 0.987498 0.987498
5371.902832 0.000000 444.626953 0.000000 0.657038 0.000000 0.753857 0.997868 0.997868 0.997868
5371.809570 0.000000 427.715698 0.000000 0.727362 0.000000 0.686254 0.998112 0.998112 0.998112
5335.022949 0.000000 434.321808 0.000000 0.483228 0.000000 0.875495 0.986688 0.986688 0.986688
5337.056641 0.000000 439.698120 0.000000 0.124326 0.000000 0.992241 0.981948 0.981948 0.981948
5297.118652 0.000000 461.372375 0.000000 0.337754 0.000000 0.941235 0.987754 0.987754 0.987754
5291.993164 0.000000 460.549164 0.000000 0.348151 0.000000 0.937439 0.969662 0.969662 0.969662
5280.054688 0.000000 453.935791 0.000000 0.406429 0.000000 0.913682 0.971233 0.971233 0.971233
5298.414062 0.000000 466.620209 0.000000 0.720979 0.000000 0.692957 0.986621 0.986621 0.986621
5342.666504 0.000000 503.824402 0.000000 0.680340 0.000000 0.732897 0.993839 0.993839 0.993839
5312.065918 0.000000 482.056274 0.000000 0.177763 0.000000 0.984073 0.993049 0.993049 0.993049
5324.779785 0.000000 504.338654 0.000000 0.309787 0.000000 0.950806 0.993730 0.993730 0.993730
5342.050781 0.000000 496.557770 0.000000 0.410940 0.000000 0.911662 0.988543 0.988543 0.988543
5347.641113 0.000000 464.440674 0.000000 0.712468 0.000000 0.701705 0.990291 0.990291 0.990291
5338.920410 0.000000 480.140900 0.000000 0.160072 0.000000 0.987105 0.982399 0.982399 0.982399
5375.845215 0.000000 435.022858 0.000000 0.163932 0.000000 0.986472 0.982448 0.982448 0.982448
5430.397461 0.000000 448.642853 0.000000 0.392106 0.000000 0.919920 0.991253 0.991253 0.991253
5430.715820 0.000000 468.416901 0.000000 0.695550 0.000000 0.718477 0.989994 0.989994 0.989994
5499.793945 0.000000 491.700073 0.000000 0.603597 0.000000 0.797290 0.997696 0.997696 0.997696
5439.566895 0.000000 472.769196 0.000000 0.149316 0.000000 0.988789 0.985810 0.985810 0.985810
5506.090820 0.000000 477.432800 0.000000 0.266750 0.000000 0.963766 0.983763 0.983763 0.983763
5515.431641 0.000000 453.496948 0.000000 0.128384 0.000000 0.991725 0.985599 0.985599 0.985599
5997.163086 0.000000 235.253708 0.000000 0.681185 0.000000 0.732112 0.993848 0.993848 0.993848
5991.201660 0.000000 217.536835 0.000000 0.077945 0.000000 0.996958 0.988820 0.988820 0.988820
6003.947266 0.000000 238.272415 0.000000 0.098175 0.000000 0.995169 0.988972 0.988972 0.988972
5883.840332 0.000000 444.626953 0.000000 0.700849 0.000000 0.713310 0.994052 0.994052 0.994052
5854.005371 0.000000 419.714996 0.000000 0.624818 0.000000 0.780771 0.995527 0.995527 0.995527
5865.897949 0.000000 431.741058 0.000000 0.166662 0.000000 0.986014 0.989489 0.989489 0.989489
5835.895508 0.000000 477.524414 0.000000 0.432969 0.000000 0.901409 0.980374 0.980374 0.980374
5946.946289 0.000000 262.315033 0.000000 0.470201 0.000000 0.882559 0.994601 0.994601 0.994601
5953.249512 0.000000 298.948883 0.000000 0.657453 0.000000 0.753496 0.997870 0.997870 0.997870
5908.247559 0.000000 378.968140 0.000000 0.724820 0.000000 0.688938 0.998103 0.998103 0.998103
5927.128906 0.000000 359.360992 0.000000 0.627173 0.000000 0.778880 0.995542 0.995542 0.995542
5932.497559 0.000000 356.311401 0.000000 0.606320 0.000000 0.795221 0.990819 0.990819 0.990819
5903.654297 0.000000 382.063293 0.000000 0.392794 0.000000 0.919626 0.988345 0.988345 0.988345
5986.769531 0.000000 320.484375 0.000000 0.434916 0.000000 0.900471 0.991605 0.991605 0.991605
5951.504395 0.000000 344.800446 0.000000 0.112538 0.000000 0.993647 0.992720 0.992720 0.992720
5986.796387 0.000000 331.066772 0.000000 0.389095 0.000000 0.921197 0.991229 0.991229 0.991229
6138.527832 0.000000 282.530518 0.000000 0.005348 0.000000 0.999986 0.996092 0.996092 0.996092
5921.070801 0.000000 404.818207 0.000000 0.147541 0.000000 0.989056 0.992896 0.992896 0.992896
5905.362793 0.000000 436.350433 0.000000 0.080423 0.000000 0.996761 0.988838 0.988838 0.988838
5912.688965 0.000000 420.636932 0.000000 0.515827 0.000000 0.856693 0.989726 0.989726 0.989726
5642.196289 0.000000 696.915833 0.000000 0.615260 0.000000 0.788325 0.959193 0.959193 0.959193
5647.905762 0.000000 707.582825 0.000000 0.022627 0.000000 0.999744 0.899508 0.899508 0.899508
5652.815430 0.000000 730.092224 0.000000 0.557024 0.000000 0.830497 0.980427 0.980427 0.980427
5650.262207 0.000000 733.670837 0.000000 0.135670 0.000000 0.990754 0.939109 0.939109 0.939109
5656.142578 0.000000 737.499268 0.000000 0.695275 0.000000 0.718744 0.973971 0.973971 0.973971
6177.039551 0.000000 276.849457 0.000000 0.590824 0.000000 0.806800 0.997656 0.997656 0.997656
6143.480957 0.000000 280.816071 0.000000 0.609979 0.000000 0.792417 0.993149 0.993149 0.993149
"}
object={
	name="reeds_01_generator_1_1"
	clamp_to_water_level=no
	render_under_water=no
	generated_content=yes
	layer="grass_layer"
	pdxmesh="reeds_07_grass_mesh"
	count=203
	transform="3001.310303 0.000000 943.476196 0.000000 0.995219 0.000000 0.097664 0.998779 0.998779 0.998779
3053.770752 0.000000 926.067627 0.000000 0.930069 0.000000 0.367385 0.992486 0.992486 0.992486
3038.566650 0.000000 924.040649 0.000000 0.880065 0.000000 0.474853 0.995059 0.995059 0.995059
3047.560791 0.000000 921.364990 0.000000 0.887550 0.000000 0.460712 0.994023 0.994023 0.994023
3027.258301 0.000000 934.000549 0.000000 0.917875 0.000000 0.396869 0.996943 0.996943 0.996943
3023.001465 0.000000 936.441162 0.000000 0.982655 0.000000 0.185441 0.998137 0.998137 0.998137
3048.791748 0.000000 925.935913 0.000000 0.969355 0.000000 0.245663 0.993804 0.993804 0.993804
4012.902832 0.000000 110.378326 0.000000 0.995603 0.000000 0.093670 0.997190 0.997190 0.997190
4013.586182 0.000000 104.871399 0.000000 0.771077 0.000000 0.636742 0.974151 0.974151 0.974151
4006.444336 0.000000 108.167740 0.000000 0.795534 0.000000 0.605909 0.974000 0.974000 0.974000
4046.876465 0.000000 104.644287 0.000000 0.994617 0.000000 0.103622 0.997149 0.997149 0.997149
4053.726318 0.000000 100.252533 0.000000 0.980212 0.000000 0.197952 0.992538 0.992538 0.992538
4036.192383 0.000000 108.505310 0.000000 0.994315 0.000000 0.106481 0.995739 0.995739 0.995739
4034.000000 0.000000 109.451324 0.000000 0.982398 0.000000 0.186798 0.991556 0.991556 0.991556
3996.020020 0.000000 190.942078 0.000000 0.893053 0.000000 0.449951 0.983688 0.983688 0.983688
4000.602051 0.000000 160.228119 0.000000 0.960813 0.000000 0.277198 0.987378 0.987378 0.987378
4003.529541 0.000000 165.109497 0.000000 0.979472 0.000000 0.201582 0.992399 0.992399 0.992399
4004.849609 0.000000 189.398422 0.000000 0.994699 0.000000 0.102831 0.995885 0.995885 0.995885
4001.563477 0.000000 162.987396 0.000000 0.868099 0.000000 0.496390 0.977954 0.977954 0.977954
4001.066162 0.000000 177.549088 0.000000 0.988734 0.000000 0.149682 0.995124 0.995124 0.995124
4042.479980 0.000000 235.627838 0.000000 0.828917 0.000000 0.559372 0.968878 0.968878 0.968878
3076.877930 0.000000 933.813416 0.000000 0.975895 0.000000 0.218242 0.998352 0.998352 0.998352
3078.449707 0.000000 910.684814 0.000000 0.947952 0.000000 0.318413 0.995955 0.995955 0.995955
3074.387695 0.000000 925.323425 0.000000 0.935016 0.000000 0.354606 0.995475 0.995475 0.995475
3079.791748 0.000000 929.964600 0.000000 0.986540 0.000000 0.163520 0.998360 0.998360 0.998360
3197.047119 0.000000 980.589233 0.000000 0.967187 0.000000 0.254066 0.998076 0.998076 0.998076
3249.971436 0.000000 956.173706 0.000000 0.948700 0.000000 0.316177 0.999197 0.999197 0.999197
3235.105469 0.000000 960.328125 0.000000 0.992649 0.000000 0.121033 0.998485 0.998485 0.998485
3249.971436 0.000000 1020.158081 0.000000 0.952594 0.000000 0.304244 0.996141 0.996141 0.996141
3294.916504 0.000000 1015.699402 0.000000 0.987283 0.000000 0.158973 0.999601 0.999601 0.999601
3285.176270 0.000000 960.119629 0.000000 0.866318 0.000000 0.499492 0.994777 0.994777 0.994777
3280.194580 0.000000 963.520325 0.000000 0.955440 0.000000 0.295186 0.997756 0.997756 0.997756
3269.179443 0.000000 1023.703308 0.000000 0.967073 0.000000 0.254499 0.996788 0.996788 0.996788
3288.797852 0.000000 1019.850403 0.000000 0.750600 0.000000 0.660757 0.990990 0.990990 0.990990
3309.245117 0.000000 1076.205322 0.000000 0.987122 0.000000 0.159971 0.997994 0.997994 0.997994
3289.306152 0.000000 1079.541870 0.000000 0.806884 0.000000 0.590709 0.992112 0.992112 0.992112
3282.354004 0.000000 1066.108643 0.000000 0.939289 0.000000 0.343127 0.991256 0.991256 0.991256
3290.571289 0.000000 1257.508667 0.000000 0.943038 0.000000 0.332686 0.997460 0.997460 0.997460
3308.817383 0.000000 1252.092651 0.000000 0.840503 0.000000 0.541807 0.991423 0.991423 0.991423
3325.769043 0.000000 1266.789307 0.000000 0.963366 0.000000 0.268190 0.992544 0.992544 0.992544
3319.255859 0.000000 1273.453613 0.000000 0.937697 0.000000 0.347454 0.993799 0.993799 0.993799
3322.786133 0.000000 1271.264404 0.000000 0.884809 0.000000 0.465954 0.990319 0.990319 0.990319
3311.310059 0.000000 1277.904297 0.000000 0.979393 0.000000 0.201962 0.994415 0.994415 0.994415
3324.480225 0.000000 1269.165161 0.000000 0.920758 0.000000 0.390135 0.987993 0.987993 0.987993
3364.941895 0.000000 1056.880371 0.000000 0.906179 0.000000 0.422893 0.997820 0.997820 0.997820
3400.147217 0.000000 1073.618164 0.000000 0.930543 0.000000 0.366182 0.995320 0.995320 0.995320
3382.647217 0.000000 1088.486572 0.000000 0.921925 0.000000 0.387367 0.999007 0.999007 0.999007
3337.269287 0.000000 1097.979858 0.000000 0.891400 0.000000 0.453218 0.998826 0.998826 0.998826
3349.168457 0.000000 1088.088379 0.000000 0.794276 0.000000 0.607557 0.991849 0.991849 0.991849
3334.382324 0.000000 1092.421875 0.000000 0.757802 0.000000 0.652485 0.991127 0.991127 0.991127
3339.697266 0.000000 1093.340698 0.000000 0.772086 0.000000 0.635518 0.991403 0.991403 0.991403
3392.117920 0.000000 1087.884277 0.000000 0.989114 0.000000 0.147154 0.997050 0.997050 0.997050
3353.119873 0.000000 1255.184326 0.000000 0.811083 0.000000 0.584931 0.978162 0.978162 0.978162
3318.973389 0.000000 1300.213745 0.000000 0.971280 0.000000 0.237940 0.997001 0.997001 0.997001
3325.031494 0.000000 1300.511108 0.000000 0.866694 0.000000 0.498840 0.993481 0.993481 0.993481
3305.036621 0.000000 1281.758667 0.000000 0.736280 0.000000 0.676677 0.981445 0.981445 0.981445
3307.917725 0.000000 1279.840454 0.000000 0.741558 0.000000 0.670889 0.974296 0.974296 0.974296
3329.096191 0.000000 1295.543945 0.000000 0.996188 0.000000 0.087229 0.999346 0.999346 0.999346
3370.801270 0.000000 1301.467163 0.000000 0.829037 0.000000 0.559194 0.991111 0.991111 0.991111
3335.760498 0.000000 1313.870850 0.000000 0.872592 0.000000 0.488449 0.994904 0.994904 0.994904
3351.883301 0.000000 1289.611084 0.000000 0.817210 0.000000 0.576340 0.992333 0.992333 0.992333
3425.837158 0.000000 1340.840576 0.000000 0.996464 0.000000 0.084022 0.999370 0.999370 0.999370
3508.251709 0.000000 1326.006836 0.000000 0.752868 0.000000 0.658171 0.994620 0.994620 0.994620
3517.359619 0.000000 1296.153564 0.000000 0.908047 0.000000 0.418867 0.992447 0.992447 0.992447
3567.848633 0.000000 1301.630859 0.000000 0.767106 0.000000 0.641520 0.998261 0.998261 0.998261
3562.555664 0.000000 1287.634155 0.000000 0.991780 0.000000 0.127953 0.999680 0.999680 0.999680
3577.981201 0.000000 1293.213013 0.000000 0.977268 0.000000 0.212010 0.999467 0.999467 0.999467
3555.066406 0.000000 1280.250000 0.000000 0.846397 0.000000 0.532553 0.995794 0.995794 0.995794
3556.997559 0.000000 1285.431641 0.000000 0.984286 0.000000 0.176581 0.998227 0.998227 0.998227
3552.265625 0.000000 1285.732666 0.000000 0.770169 0.000000 0.637839 0.991366 0.991366 0.991366
3581.351807 0.000000 1296.153564 0.000000 0.950456 0.000000 0.310858 0.994476 0.994476 0.994476
3570.624512 0.000000 1298.417114 0.000000 0.980510 0.000000 0.196471 0.997531 0.997531 0.997531
3622.049072 0.000000 1044.423584 0.000000 0.801357 0.000000 0.598186 0.990395 0.990395 0.990395
3628.983398 0.000000 1049.620239 0.000000 0.987642 0.000000 0.156727 0.997250 0.997250 0.997250
3676.059082 0.000000 1086.723267 0.000000 0.994289 0.000000 0.106720 0.999466 0.999466 0.999466
3665.636230 0.000000 1076.194214 0.000000 0.910250 0.000000 0.414059 0.996803 0.996803 0.996803
3644.020264 0.000000 1131.543823 0.000000 0.924845 0.000000 0.380343 0.998052 0.998052 0.998052
3705.965576 0.000000 1101.259888 0.000000 0.979486 0.000000 0.201513 0.996961 0.996961 0.996961
3634.738281 0.000000 1206.284302 0.000000 0.774503 0.000000 0.632570 0.989741 0.989741 0.989741
3648.268799 0.000000 1185.884399 0.000000 0.856984 0.000000 0.515343 0.994593 0.994593 0.994593
3643.227051 0.000000 1222.080688 0.000000 0.892241 0.000000 0.451559 0.997661 0.997661 0.997661
3658.726562 0.000000 1240.774292 0.000000 0.948293 0.000000 0.317395 0.995162 0.995162 0.995162
3659.613281 0.000000 1261.357178 0.000000 0.983797 0.000000 0.179287 0.997750 0.997750 0.997750
3585.064941 0.000000 1295.543945 0.000000 0.937686 0.000000 0.347483 0.999114 0.999114 0.999114
4141.637695 0.000000 222.239502 0.000000 0.890724 0.000000 0.454544 0.997644 0.997644 0.997644
4134.296875 0.000000 223.028168 0.000000 0.867134 0.000000 0.498075 0.972665 0.972665 0.972665
4189.885254 0.000000 287.257935 0.000000 0.834760 0.000000 0.550614 0.969430 0.969430 0.969430
4186.889160 0.000000 256.058441 0.000000 0.833803 0.000000 0.552063 0.969338 0.969338 0.969338
4190.204102 0.000000 269.758728 0.000000 0.848440 0.000000 0.529292 0.970758 0.970758 0.970758
4189.949219 0.000000 262.639191 0.000000 0.913281 0.000000 0.407330 0.978005 0.978005 0.978005
4171.350586 0.000000 335.350464 0.000000 0.961365 0.000000 0.275278 0.997911 0.997911 0.997911
4169.154297 0.000000 323.902435 0.000000 0.807124 0.000000 0.590382 0.984233 0.984233 0.984233
4171.771973 0.000000 322.963654 0.000000 0.963166 0.000000 0.268907 0.985726 0.985726 0.985726
4321.728027 0.000000 381.074890 0.000000 0.878043 0.000000 0.478582 0.986295 0.986295 0.986295
4348.368652 0.000000 368.245483 0.000000 0.830125 0.000000 0.557578 0.985234 0.985234 0.985234
4349.354004 0.000000 365.394470 0.000000 0.985982 0.000000 0.166854 0.992467 0.992467 0.992467
4281.208008 0.000000 413.079681 0.000000 0.874703 0.000000 0.484660 0.982315 0.982315 0.982315
4301.395020 0.000000 401.490997 0.000000 0.939506 0.000000 0.342532 0.986908 0.986908 0.986908
4303.865234 0.000000 396.434387 0.000000 0.784595 0.000000 0.620009 0.964939 0.964939 0.964939
4385.902344 0.000000 371.916718 0.000000 0.991561 0.000000 0.129644 0.993184 0.993184 0.993184
4351.676758 0.000000 366.357178 0.000000 0.863863 0.000000 0.503727 0.972323 0.972323 0.972323
4388.802734 0.000000 381.351562 0.000000 0.870510 0.000000 0.492151 0.984585 0.984585 0.984585
4362.615234 0.000000 368.421967 0.000000 0.871895 0.000000 0.489693 0.985947 0.985947 0.985947
4380.645508 0.000000 366.225433 0.000000 0.745378 0.000000 0.666642 0.972674 0.972674 0.972674
4360.712891 0.000000 367.724518 0.000000 0.986346 0.000000 0.164687 0.991326 0.991326 0.991326
4414.128418 0.000000 408.222015 0.000000 0.989251 0.000000 0.146226 0.993039 0.993039 0.993039
4390.899414 0.000000 383.960083 0.000000 0.830722 0.000000 0.556687 0.973469 0.973469 0.973469
4395.411621 0.000000 386.616547 0.000000 0.984611 0.000000 0.174759 0.990791 0.990791 0.990791
4394.661133 0.000000 388.816040 0.000000 0.902959 0.000000 0.429727 0.976712 0.976712 0.976712
4420.373047 0.000000 437.327057 0.000000 0.971651 0.000000 0.236418 0.995829 0.995829 0.995829
4419.718750 0.000000 431.267334 0.000000 0.974887 0.000000 0.222699 0.982619 0.982619 0.982619
4417.923828 0.000000 420.603149 0.000000 0.898381 0.000000 0.439217 0.981836 0.981836 0.981836
4421.449219 0.000000 459.062866 0.000000 0.911344 0.000000 0.411647 0.971402 0.971402 0.971402
4421.349121 0.000000 455.786011 0.000000 0.882368 0.000000 0.470561 0.977984 0.977984 0.977984
4419.694824 0.000000 463.784576 0.000000 0.988512 0.000000 0.151139 0.994697 0.994697 0.994697
4417.751465 0.000000 479.817596 0.000000 0.840050 0.000000 0.542509 0.962779 0.962779 0.962779
4418.026855 0.000000 450.809570 0.000000 0.811875 0.000000 0.583831 0.953307 0.953307 0.953307
4282.668945 0.000000 695.404968 0.000000 0.914343 0.000000 0.404940 0.976061 0.976061 0.976061
4281.881836 0.000000 700.345215 0.000000 0.744509 0.000000 0.667613 0.947076 0.947076 0.947076
4293.464844 0.000000 651.015991 0.000000 0.990859 0.000000 0.134904 0.997297 0.997297 0.997297
4292.923340 0.000000 667.948669 0.000000 0.950205 0.000000 0.311627 0.980221 0.980221 0.980221
4291.547852 0.000000 670.977112 0.000000 0.819195 0.000000 0.573515 0.964928 0.964928 0.964928
4279.389648 0.000000 708.382446 0.000000 0.917902 0.000000 0.396807 0.984720 0.984720 0.984720
4277.207031 0.000000 706.871033 0.000000 0.992113 0.000000 0.125347 0.994039 0.994039 0.994039
4299.580078 0.000000 773.418823 0.000000 0.761655 0.000000 0.647983 0.982401 0.982401 0.982401
4305.851562 0.000000 781.120667 0.000000 0.904680 0.000000 0.426093 0.965934 0.965934 0.965934
4320.139648 0.000000 783.216125 0.000000 0.738505 0.000000 0.674249 0.985222 0.985222 0.985222
4303.519043 0.000000 775.368408 0.000000 0.785674 0.000000 0.618641 0.911743 0.911743 0.911743
4308.257324 0.000000 785.656006 0.000000 0.918418 0.000000 0.395611 0.981722 0.981722 0.981722
4304.518555 0.000000 788.049927 0.000000 0.988679 0.000000 0.150043 0.995864 0.995864 0.995864
4301.494629 0.000000 775.025024 0.000000 0.991771 0.000000 0.128022 0.993270 0.993270 0.993270
4306.418457 0.000000 785.197815 0.000000 0.823971 0.000000 0.566632 0.953377 0.953377 0.953377
5182.964355 0.000000 494.741058 0.000000 0.995056 0.000000 0.099317 0.998758 0.998758 0.998758
5243.825195 0.000000 491.700073 0.000000 0.966663 0.000000 0.256052 0.998061 0.998061 0.998061
5229.256836 0.000000 491.191223 0.000000 0.821704 0.000000 0.569915 0.995458 0.995458 0.995458
5244.637695 0.000000 484.042511 0.000000 0.944163 0.000000 0.329477 0.998324 0.998324 0.998324
5238.739258 0.000000 468.416901 0.000000 0.960914 0.000000 0.276846 0.996498 0.996498 0.996498
5205.432617 0.000000 492.513367 0.000000 0.885493 0.000000 0.464653 0.992761 0.992761 0.992761
5187.625000 0.000000 495.251709 0.000000 0.914250 0.000000 0.405151 0.994793 0.994793 0.994793
5237.479980 0.000000 463.671661 0.000000 0.800160 0.000000 0.599787 0.991971 0.991971 0.991971
5224.526367 0.000000 478.045319 0.000000 0.990762 0.000000 0.135610 0.998642 0.998642 0.998642
5203.141113 0.000000 496.228516 0.000000 0.965203 0.000000 0.261503 0.996697 0.996697 0.996697
5208.652832 0.000000 465.843018 0.000000 0.848769 0.000000 0.528763 0.993045 0.993045 0.993045
5287.681152 0.000000 445.846893 0.000000 0.872818 0.000000 0.488045 0.998727 0.998727 0.998727
5351.673340 0.000000 445.846893 0.000000 0.833784 0.000000 0.552091 0.998540 0.998540 0.998540
5348.700195 0.000000 417.036682 0.000000 0.919445 0.000000 0.393218 0.995964 0.995964 0.995964
5373.519043 0.000000 434.992462 0.000000 0.891882 0.000000 0.452267 0.994142 0.994142 0.994142
5347.365723 0.000000 421.046997 0.000000 0.966180 0.000000 0.257868 0.996744 0.996744 0.996744
5290.345215 0.000000 455.837280 0.000000 0.749794 0.000000 0.661671 0.998195 0.998195 0.998195
5255.920898 0.000000 497.758850 0.000000 0.933348 0.000000 0.358973 0.995417 0.995417 0.995417
5248.073730 0.000000 482.056274 0.000000 0.924326 0.000000 0.381603 0.995113 0.995113 0.995113
5247.860840 0.000000 499.007233 0.000000 0.994696 0.000000 0.102858 0.999485 0.999485 0.999485
5284.787109 0.000000 453.634735 0.000000 0.988982 0.000000 0.148033 0.997774 0.997774 0.997774
5252.271484 0.000000 501.311432 0.000000 0.915185 0.000000 0.403034 0.995857 0.995857 0.995857
5293.932617 0.000000 465.221436 0.000000 0.858070 0.000000 0.513533 0.993268 0.993268 0.993268
5287.594727 0.000000 459.925629 0.000000 0.900887 0.000000 0.434053 0.989912 0.989912 0.989912
5345.141113 0.000000 468.802582 0.000000 0.929527 0.000000 0.368754 0.995286 0.995286 0.995286
5319.913086 0.000000 497.758850 0.000000 0.945226 0.000000 0.326416 0.996679 0.996679 0.996679
5311.386230 0.000000 486.691803 0.000000 0.740769 0.000000 0.671760 0.990805 0.990805 0.990805
5351.586914 0.000000 459.925629 0.000000 0.869230 0.000000 0.494408 0.993545 0.993545 0.993545
5433.754883 0.000000 461.416107 0.000000 0.941849 0.000000 0.336037 0.997433 0.997433 0.997433
5429.456543 0.000000 463.671661 0.000000 0.748748 0.000000 0.662855 0.992764 0.992764 0.992764
5430.040039 0.000000 459.154480 0.000000 0.970826 0.000000 0.239787 0.996977 0.996977 0.996977
5513.690430 0.000000 445.604126 0.000000 0.987935 0.000000 0.154872 0.998835 0.998835 0.998835
5510.116699 0.000000 452.578094 0.000000 0.875512 0.000000 0.483196 0.996223 0.996223 0.996223
5510.153320 0.000000 462.794159 0.000000 0.960736 0.000000 0.277463 0.997192 0.997192 0.997192
5988.622070 0.000000 225.083557 0.000000 0.908965 0.000000 0.416872 0.997853 0.997853 0.997853
5992.815430 0.000000 208.365280 0.000000 0.941860 0.000000 0.336004 0.998289 0.998289 0.998289
5881.700195 0.000000 397.431732 0.000000 0.833970 0.000000 0.551810 0.997081 0.997081 0.997081
5875.962891 0.000000 430.225555 0.000000 0.934750 0.000000 0.355307 0.997279 0.997279 0.997279
5878.943848 0.000000 441.656738 0.000000 0.935869 0.000000 0.352348 0.997303 0.997303 0.997303
5809.659180 0.000000 508.283081 0.000000 0.976777 0.000000 0.214257 0.999461 0.999461 0.999461
5805.435059 0.000000 478.177002 0.000000 0.978454 0.000000 0.206465 0.998442 0.998442 0.998442
5799.144531 0.000000 487.329742 0.000000 0.782977 0.000000 0.622051 0.994972 0.994972 0.994972
5804.513184 0.000000 484.280151 0.000000 0.875296 0.000000 0.483587 0.994959 0.994959 0.994959
5814.951660 0.000000 505.641113 0.000000 0.991582 0.000000 0.129482 0.999027 0.999027 0.999027
5826.051758 0.000000 477.432800 0.000000 0.968154 0.000000 0.250357 0.996841 0.996841 0.996841
5831.456055 0.000000 482.073975 0.000000 0.991095 0.000000 0.133157 0.998333 0.998333 0.998333
5948.551758 0.000000 292.089386 0.000000 0.804746 0.000000 0.593620 0.996827 0.996827 0.996827
5900.709473 0.000000 376.369904 0.000000 0.916855 0.000000 0.399220 0.997949 0.997949 0.997949
5952.775879 0.000000 335.778320 0.000000 0.962118 0.000000 0.272633 0.999311 0.999311 0.999311
6140.687988 0.000000 276.761108 0.000000 0.981717 0.000000 0.190346 0.998088 0.998088 0.998088
5918.215332 0.000000 412.165649 0.000000 0.883468 0.000000 0.468491 0.995131 0.995131 0.995131
5917.997559 0.000000 419.714996 0.000000 0.975999 0.000000 0.217777 0.997808 0.997808 0.997808
5889.599121 0.000000 393.368103 0.000000 0.943042 0.000000 0.332675 0.997460 0.997460 0.997460
5887.383789 0.000000 444.977844 0.000000 0.771858 0.000000 0.635795 0.994839 0.994839 0.994839
5629.334961 0.000000 714.095947 0.000000 0.919060 0.000000 0.394118 0.994943 0.994943 0.994943
5622.016602 0.000000 715.091980 0.000000 0.995157 0.000000 0.098297 0.997788 0.997788 0.997788
5626.300781 0.000000 714.381287 0.000000 0.756652 0.000000 0.653818 0.982209 0.982209 0.982209
5627.691895 0.000000 712.418152 0.000000 0.994584 0.000000 0.103936 0.992981 0.992981 0.992981
5820.944824 0.000000 512.681519 0.000000 0.908565 0.000000 0.417743 0.996772 0.996772 0.996772
5640.573730 0.000000 694.670288 0.000000 0.990570 0.000000 0.137008 0.992451 0.992451 0.992451
5645.012207 0.000000 702.707825 0.000000 0.834562 0.000000 0.550914 0.976694 0.976694 0.976694
5638.853516 0.000000 692.452148 0.000000 0.884453 0.000000 0.466629 0.972124 0.972124 0.972124
5642.549316 0.000000 699.393799 0.000000 0.944101 0.000000 0.329657 0.981549 0.981549 0.981549
5662.246582 0.000000 732.087524 0.000000 0.845248 0.000000 0.534374 0.985925 0.985925 0.985925
5658.881348 0.000000 736.078430 0.000000 0.794914 0.000000 0.606722 0.975586 0.975586 0.975586
5648.842773 0.000000 703.833923 0.000000 0.838002 0.000000 0.545667 0.989913 0.989913 0.989913
5637.300781 0.000000 715.000366 0.000000 0.965726 0.000000 0.259565 0.982301 0.982301 0.982301
5634.658203 0.000000 716.890930 0.000000 0.746790 0.000000 0.665060 0.981836 0.981836 0.981836
5645.720215 0.000000 705.396118 0.000000 0.980599 0.000000 0.196023 0.993104 0.993104 0.993104
5652.496582 0.000000 746.184387 0.000000 0.835873 0.000000 0.548923 0.969536 0.969536 0.969536
5659.489258 0.000000 721.406860 0.000000 0.833003 0.000000 0.553268 0.975117 0.975117 0.975117
"}
object={
	name="reeds_01_generator_1_2"
	clamp_to_water_level=no
	render_under_water=no
	generated_content=yes
	layer="grass_layer"
	pdxmesh="reeds_01_tall_grass_mesh"
	count=450
	transform="2989.284180 0.000000 948.236511 0.000000 0.624280 0.000000 -0.781200 1.011192 1.011192 1.011192
2996.314209 0.000000 942.100525 0.000000 0.997995 0.000000 0.063296 0.999367 0.999367 0.999367
3007.229980 0.000000 942.631653 0.000000 0.526780 0.000000 -0.850002 1.012682 1.012682 1.012682
3030.606445 0.000000 927.213135 0.000000 0.481299 0.000000 -0.876556 1.010672 1.010672 1.010672
3009.608887 0.000000 938.792603 0.000000 0.377335 0.000000 -0.926077 1.005911 1.005911 1.005911
3024.073975 0.000000 941.139343 0.000000 0.997015 0.000000 -0.077202 1.000579 1.000579 1.000579
3015.889893 0.000000 939.273743 0.000000 0.999967 0.000000 0.008188 0.999918 0.999918 0.999918
3011.890381 0.000000 943.142334 0.000000 0.611991 0.000000 -0.790865 1.011387 1.011387 1.011387
3059.503662 0.000000 937.487732 0.000000 0.146129 0.000000 -0.989266 1.021333 1.021333 1.021333
3019.691406 0.000000 941.435242 0.000000 0.999798 0.000000 0.020089 0.999749 0.999749 0.999749
3051.997559 0.000000 928.853638 0.000000 0.987178 0.000000 -0.159626 1.003602 1.003602 1.003602
4003.529541 0.000000 101.125122 0.000000 0.701008 0.000000 -0.713153 1.019822 1.019822 1.019822
4000.460693 0.000000 101.902069 0.000000 0.920446 0.000000 -0.390869 1.013033 1.013033 1.013033
4015.324219 0.000000 109.959656 0.000000 0.882644 0.000000 -0.470043 1.025655 1.025655 1.025655
4005.587891 0.000000 102.147156 0.000000 0.573117 0.000000 -0.819473 1.050356 1.050356 1.050356
4062.223877 0.000000 99.793129 0.000000 0.720749 0.000000 -0.693196 1.003824 1.003824 1.003824
4056.915039 0.000000 100.715050 0.000000 0.441653 0.000000 -0.897186 1.016677 1.016677 1.016677
4035.765381 0.000000 111.345444 0.000000 0.204704 0.000000 -0.978824 1.017034 1.017034 1.017034
4043.108398 0.000000 105.565216 0.000000 0.987005 0.000000 -0.160688 1.007252 1.007252 1.007252
4056.337646 0.000000 97.655518 0.000000 0.590449 0.000000 -0.807075 1.049239 1.049239 1.049239
4059.817871 0.000000 98.700348 0.000000 0.703547 0.000000 -0.710649 1.031573 1.031573 1.031573
4045.076660 0.000000 102.935638 0.000000 0.035494 0.000000 -0.999370 1.080492 1.080492 1.080492
4041.005615 0.000000 105.727371 0.000000 0.416254 0.000000 -0.909248 1.059845 1.059845 1.059845
4001.948975 0.000000 179.963593 0.000000 0.314880 0.000000 -0.949132 1.065559 1.065559 1.065559
3996.184082 0.000000 180.378403 0.000000 0.896416 0.000000 -0.443213 1.019488 1.019488 1.019488
4004.802734 0.000000 157.008667 0.000000 0.758483 0.000000 -0.651693 1.014177 1.014177 1.014177
3996.226074 0.000000 186.665588 0.000000 0.356191 0.000000 -0.934413 1.063259 1.063259 1.063259
4002.423340 0.000000 183.665649 0.000000 0.979730 0.000000 -0.200323 1.009063 1.009063 1.009063
3999.719238 0.000000 191.718018 0.000000 0.942508 0.000000 -0.334185 1.017864 1.017864 1.017864
3998.376221 0.000000 188.938568 0.000000 0.186505 0.000000 -0.982454 1.072517 1.072517 1.072517
4000.460693 0.000000 165.886444 0.000000 0.942466 0.000000 -0.334302 1.010212 1.010212 1.010212
4000.655518 0.000000 186.374664 0.000000 0.342773 0.000000 -0.939418 1.064010 1.064010 1.064010
3999.034912 0.000000 180.933380 0.000000 0.508871 0.000000 -0.860843 1.054363 1.054363 1.054363
4003.055908 0.000000 159.212341 0.000000 0.983565 0.000000 -0.180555 1.009518 1.009518 1.009518
4002.968750 0.000000 191.214905 0.000000 0.681038 0.000000 -0.732248 1.043075 1.043075 1.043075
4001.005859 0.000000 181.937561 0.000000 0.756648 0.000000 -0.653823 1.037361 1.037361 1.037361
3998.298584 0.000000 186.022125 0.000000 0.994584 0.000000 -0.103937 1.005199 1.005199 1.005199
4002.434814 0.000000 161.139755 0.000000 0.999925 0.000000 0.012287 0.999356 0.999356 0.999356
4000.210938 0.000000 197.998291 0.000000 0.203599 0.000000 -0.979054 1.057965 1.057965 1.057965
4005.689697 0.000000 194.467072 0.000000 0.974224 0.000000 -0.225583 1.010225 1.010225 1.010225
4000.091309 0.000000 193.758621 0.000000 0.008979 0.000000 -0.999960 1.081882 1.081882 1.081882
4002.921631 0.000000 197.652283 0.000000 0.319634 0.000000 -0.947541 1.065296 1.065296 1.065296
4051.281738 0.000000 240.291031 0.000000 0.018561 0.000000 -0.999828 1.081380 1.081380 1.081380
4043.566406 0.000000 237.607117 0.000000 0.443419 0.000000 -0.896315 1.052718 1.052718 1.052718
4048.519043 0.000000 241.535751 0.000000 0.970102 0.000000 -0.242699 1.007956 1.007956 1.007956
4052.296631 0.000000 243.121201 0.000000 0.933090 0.000000 -0.359643 1.019287 1.019287 1.019287
4049.132080 0.000000 239.262451 0.000000 0.858067 0.000000 -0.513538 1.024235 1.024235 1.024235
4053.319824 0.000000 241.267670 0.000000 0.711796 0.000000 -0.702386 1.040828 1.040828 1.040828
3102.939941 0.000000 951.715027 0.000000 0.765962 0.000000 -0.642886 1.006973 1.006973 1.006973
3072.339111 0.000000 929.946899 0.000000 0.742602 0.000000 -0.669733 1.007328 1.007328 1.007328
3093.689941 0.000000 940.403992 0.000000 0.470309 0.000000 -0.882502 1.008098 1.008098 1.008098
3076.986328 0.000000 920.107727 0.000000 0.993966 0.000000 -0.109686 1.001372 1.001372 1.001372
3181.506592 0.000000 1003.066223 0.000000 0.850673 0.000000 -0.525696 1.002764 1.002764 1.002764
3187.488037 0.000000 1001.472107 0.000000 0.708450 0.000000 -0.705761 1.007824 1.007824 1.007824
3197.633057 0.000000 989.667053 0.000000 0.717579 0.000000 -0.696477 1.009618 1.009618 1.009618
3258.879150 0.000000 922.374268 0.000000 0.950250 0.000000 -0.311488 1.001582 1.001582 1.001582
3252.282959 0.000000 942.100525 0.000000 0.496890 0.000000 -0.867813 1.010493 1.010493 1.010493
3253.128906 0.000000 926.004150 0.000000 0.929565 0.000000 -0.368659 1.001885 1.001885 1.001885
3256.303711 0.000000 935.377502 0.000000 0.762708 0.000000 -0.646743 1.008779 1.008779 1.008779
3257.279053 0.000000 943.476196 0.000000 0.974074 0.000000 -0.226228 1.002279 1.002279 1.002279
3284.567871 0.000000 954.827515 0.000000 0.625304 0.000000 -0.780381 1.002235 1.002235 1.002235
3294.916504 0.000000 951.715027 0.000000 0.767363 0.000000 -0.641212 1.003476 1.003476 1.003476
3292.105957 0.000000 958.754578 0.000000 0.291805 0.000000 -0.956478 1.006365 1.006365 1.006365
3239.931152 0.000000 1021.706238 0.000000 0.986447 0.000000 -0.164081 1.002057 1.002057 1.002057
3219.248291 0.000000 968.789246 0.000000 0.487971 0.000000 -0.872860 1.013245 1.013245 1.013245
3228.113770 0.000000 1022.738953 0.000000 0.068206 0.000000 -0.997671 1.007502 1.007502 1.007502
3259.273926 0.000000 966.143127 0.000000 0.517016 0.000000 -0.855976 1.005130 1.005130 1.005130
3284.567871 0.000000 1018.811890 0.000000 0.734529 0.000000 -0.678577 1.005586 1.005586 1.005586
3263.703857 0.000000 1020.837219 0.000000 0.754972 0.000000 -0.655757 1.008927 1.008927 1.008927
3304.760498 0.000000 989.920288 0.000000 0.916553 0.000000 -0.399913 1.004109 1.004109 1.004109
3299.615479 0.000000 996.906372 0.000000 0.296366 0.000000 -0.955074 1.015852 1.015852 1.015852
3227.976562 0.000000 1031.414673 0.000000 0.185406 0.000000 -0.982662 1.006912 1.006912 1.006912
3235.105469 0.000000 1024.312500 0.000000 0.669006 0.000000 -0.743257 1.010460 1.010460 1.010460
3223.091064 0.000000 1029.052979 0.000000 0.976866 0.000000 -0.213854 1.002690 1.002690 1.002690
3284.567871 0.000000 1082.796265 0.000000 0.997904 0.000000 0.064716 0.999353 0.999353 0.999353
3290.571289 0.000000 1065.555542 0.000000 0.970827 0.000000 -0.239782 1.001814 1.001814 1.001814
3294.916504 0.000000 1079.683838 0.000000 0.566731 0.000000 -0.823903 1.007252 1.007252 1.007252
3294.300537 0.000000 1072.417114 0.000000 0.380864 0.000000 -0.924631 1.005892 1.005892 1.005892
3302.553711 0.000000 1076.138550 0.000000 0.608749 0.000000 -0.793363 1.011438 1.011438 1.011438
3285.666504 0.000000 1068.372803 0.000000 0.096468 0.000000 -0.995336 1.018402 1.018402 1.018402
3319.255859 0.000000 1081.500488 0.000000 0.985751 0.000000 -0.168213 1.003376 1.003376 1.003376
3289.008789 0.000000 1060.480713 0.000000 0.754283 0.000000 -0.656550 1.016093 1.016093 1.016093
3298.034912 0.000000 1075.744873 0.000000 0.987015 0.000000 -0.160628 1.002014 1.002014 1.002014
3292.270020 0.000000 1076.159668 0.000000 0.835847 0.000000 -0.548963 1.007254 1.007254 1.007254
3286.610840 0.000000 1064.289307 0.000000 0.638147 0.000000 -0.769915 1.019744 1.019744 1.019744
3274.983398 0.000000 1088.521240 0.000000 0.996821 0.000000 -0.079670 1.000996 1.000996 1.000996
3311.151855 0.000000 1089.162476 0.000000 0.873183 0.000000 -0.487393 1.006355 1.006355 1.006355
3301.028809 0.000000 1093.478516 0.000000 0.330118 0.000000 -0.943940 1.015408 1.015408 1.015408
3300.949707 0.000000 1248.833496 0.000000 0.631477 0.000000 -0.775395 1.002215 1.002215 1.002215
3313.963623 0.000000 1276.095581 0.000000 0.135695 0.000000 -0.990751 1.028654 1.028654 1.028654
3317.121094 0.000000 1245.926025 0.000000 0.972233 0.000000 -0.234016 1.004128 1.004128 1.004128
3297.269287 0.000000 1256.571655 0.000000 0.913008 0.000000 -0.407941 1.006294 1.006294 1.006294
3308.548340 0.000000 1273.924805 0.000000 0.995553 0.000000 -0.094199 1.001413 1.001413 1.001413
3326.960449 0.000000 1271.772949 0.000000 0.999922 0.000000 -0.012469 1.000156 1.000156 1.000156
3313.502930 0.000000 1248.389038 0.000000 0.871206 0.000000 -0.490918 1.008968 1.008968 1.008968
3315.968994 0.000000 1273.518921 0.000000 0.999991 0.000000 0.004197 0.999874 0.999874 0.999874
3311.481445 0.000000 1274.328491 0.000000 0.885161 0.000000 -0.465285 1.014499 1.014499 1.014499
3322.749023 0.000000 1266.429443 0.000000 0.170764 0.000000 -0.985312 1.038425 1.038425 1.038425
3367.915527 0.000000 1085.690674 0.000000 0.974558 0.000000 -0.224137 1.002822 1.002822 1.002822
3358.908691 0.000000 1079.683838 0.000000 0.466516 0.000000 -0.884513 1.013549 1.013549 1.013549
3328.094971 0.000000 1074.866577 0.000000 0.978270 0.000000 -0.207337 1.001564 1.001564 1.001564
3347.219238 0.000000 1061.969238 0.000000 0.498089 0.000000 -0.867126 1.010480 1.010480 1.010480
3365.577881 0.000000 1081.174805 0.000000 0.944611 0.000000 -0.328192 1.005009 1.005009 1.005009
3353.783203 0.000000 1051.589355 0.000000 0.962023 0.000000 -0.272969 1.002761 1.002761 1.002761
3357.163818 0.000000 1047.383179 0.000000 0.998725 0.000000 -0.050491 1.000504 1.000504 1.000504
3368.752686 0.000000 1053.904663 0.000000 0.902958 0.000000 -0.429729 1.005545 1.005545 1.005545
3339.652344 0.000000 1069.404053 0.000000 0.964047 0.000000 -0.265732 1.003357 1.003357 1.003357
3362.501465 0.000000 1079.446899 0.000000 0.999919 0.000000 0.012753 0.999682 0.999682 0.999682
3396.497559 0.000000 1077.170776 0.000000 0.968005 0.000000 -0.250930 1.003166 1.003166 1.003166
3370.579102 0.000000 1095.681030 0.000000 0.828314 0.000000 -0.560264 1.007424 1.007424 1.007424
3363.089844 0.000000 1088.296875 0.000000 0.352900 0.000000 -0.935661 1.003021 1.003021 1.003021
3387.258301 0.000000 1094.111938 0.000000 0.444866 0.000000 -0.895597 1.005541 1.005541 1.005541
3380.478027 0.000000 1095.037598 0.000000 0.614860 0.000000 -0.788636 1.011342 1.011342 1.011342
3344.186768 0.000000 1091.489136 0.000000 0.998114 0.000000 0.061387 0.999233 0.999233 0.999233
3389.241211 0.000000 1088.540894 0.000000 0.999322 0.000000 -0.036806 1.000368 1.000368 1.000368
3375.447021 0.000000 1096.608643 0.000000 0.596081 0.000000 -0.802924 1.011636 1.011636 1.011636
3391.958740 0.000000 1091.027466 0.000000 0.759606 0.000000 -0.650383 1.014142 1.014142 1.014142
3437.723877 0.000000 1118.020752 0.000000 0.594326 0.000000 -0.804224 1.004665 1.004665 1.004665
3422.519775 0.000000 1115.993774 0.000000 0.972470 0.000000 -0.233029 1.002936 1.002936 1.002936
3445.105469 0.000000 1117.957275 0.000000 0.554236 0.000000 -0.832359 1.009820 1.009820 1.009820
3403.443848 0.000000 1103.162964 0.000000 0.901731 0.000000 -0.432297 1.005580 1.005580 1.005580
3413.088623 0.000000 1113.998535 0.000000 0.568806 0.000000 -0.822472 1.012055 1.012055 1.012055
3358.309814 0.000000 1251.511841 0.000000 0.910104 0.000000 -0.414379 1.002133 1.002133 1.002133
3353.000977 0.000000 1252.433838 0.000000 0.999660 0.000000 0.026064 0.999349 0.999349 0.999349
3332.505371 0.000000 1269.123901 0.000000 0.996125 0.000000 -0.087949 1.001759 1.001759 1.001759
3331.851318 0.000000 1263.064209 0.000000 0.991082 0.000000 -0.133253 1.001668 1.001668 1.001668
3341.577637 0.000000 1265.362671 0.000000 0.984042 0.000000 -0.177936 1.004466 1.004466 1.004466
3342.962402 0.000000 1256.363037 0.000000 0.132164 0.000000 -0.991228 1.014363 1.014363 1.014363
3339.652344 0.000000 1261.357178 0.000000 0.998376 0.000000 0.056963 0.999004 0.999004 0.999004
3346.346191 0.000000 1258.061768 0.000000 0.922806 0.000000 -0.385266 1.011848 1.011848 1.011848
3333.002686 0.000000 1265.996460 0.000000 0.999030 0.000000 0.044043 0.998790 0.998790 0.998790
3329.228271 0.000000 1269.422729 0.000000 0.638789 0.000000 -0.769382 1.024108 1.024108 1.024108
3306.586914 0.000000 1287.634155 0.000000 0.842611 0.000000 -0.538523 1.002839 1.002839 1.002839
3311.151855 0.000000 1281.115601 0.000000 0.771390 0.000000 -0.636362 1.003444 1.003444 1.003444
3337.269287 0.000000 1289.932983 0.000000 0.739156 0.000000 -0.673534 1.001845 1.001845 1.001845
3338.966553 0.000000 1317.495605 0.000000 0.997806 0.000000 0.066200 0.999504 0.999504 0.999504
3343.177246 0.000000 1312.636353 0.000000 0.831754 0.000000 -0.555145 1.008816 1.008816 1.008816
3332.846680 0.000000 1317.719727 0.000000 0.546227 0.000000 -0.837637 1.017352 1.017352 1.017352
3351.075439 0.000000 1284.990479 0.000000 0.988921 0.000000 -0.148441 1.001488 1.001488 1.001488
3374.166748 0.000000 1297.018311 0.000000 0.013540 0.000000 -0.999908 1.027214 1.027214 1.027214
3362.688721 0.000000 1305.296753 0.000000 0.128381 0.000000 -0.991725 1.018001 1.018001 1.018001
3329.938721 0.000000 1300.265869 0.000000 0.957309 0.000000 -0.289065 1.002928 1.002928 1.002928
3353.783203 0.000000 1307.526855 0.000000 0.913528 0.000000 -0.406775 1.006275 1.006275 1.006275
3357.163818 0.000000 1303.320679 0.000000 0.960755 0.000000 -0.277399 1.002807 1.002807 1.002807
3366.080322 0.000000 1300.361084 0.000000 0.948312 0.000000 -0.317339 1.005643 1.005643 1.005643
3419.953125 0.000000 1351.336548 0.000000 0.672057 0.000000 -0.740499 1.006245 1.006245 1.006245
3416.601318 0.000000 1366.004028 0.000000 0.865512 0.000000 -0.500887 1.009168 1.009168 1.009168
3411.211426 0.000000 1381.891113 0.000000 0.856442 0.000000 -0.516243 1.005417 1.005417 1.005417
3399.843018 0.000000 1387.164307 0.000000 0.617082 0.000000 -0.786899 1.009045 1.009045 1.009045
3417.775391 0.000000 1371.511230 0.000000 0.905405 0.000000 -0.424549 1.005473 1.005473 1.005473
3424.281250 0.000000 1349.717041 0.000000 0.289438 0.000000 -0.957197 1.015942 1.015942 1.015942
3411.134521 0.000000 1377.798950 0.000000 0.271039 0.000000 -0.962568 1.019418 1.019418 1.019418
3501.467529 0.000000 1322.988037 0.000000 0.575702 0.000000 -0.817659 1.014340 1.014340 1.014340
3517.008057 0.000000 1300.511108 0.000000 0.716590 0.000000 -0.697494 1.005781 1.005781 1.005781
3513.247803 0.000000 1327.382446 0.000000 0.373025 0.000000 -0.927821 1.011869 1.011869 1.011869
3536.011475 0.000000 1325.045532 0.000000 0.965720 0.000000 -0.259587 1.003278 1.003278 1.003278
3569.329346 0.000000 1293.169189 0.000000 0.999951 0.000000 -0.009896 1.000049 1.000049 1.000049
3574.942139 0.000000 1300.213745 0.000000 0.118070 0.000000 -0.993005 1.025383 1.025383 1.025383
3527.827393 0.000000 1323.179932 0.000000 0.948871 0.000000 -0.315663 1.005612 1.005612 1.005612
3561.005371 0.000000 1281.758667 0.000000 0.206460 0.000000 -0.978455 1.020414 1.020414 1.020414
3566.143311 0.000000 1297.018311 0.000000 0.314323 0.000000 -0.949316 1.018740 1.018740 1.018740
3564.204102 0.000000 1292.346069 0.000000 0.999148 0.000000 -0.041268 1.000618 1.000618 1.000618
3577.673340 0.000000 1297.479126 0.000000 0.796803 0.000000 -0.604240 1.009719 1.009719 1.009719
3617.351807 0.000000 1044.661987 0.000000 0.995297 0.000000 -0.096867 1.001696 1.001696 1.001696
3623.490479 0.000000 1049.333740 0.000000 0.357212 0.000000 -0.934023 1.009029 1.009029 1.009029
3644.832764 0.000000 1059.901855 0.000000 0.997707 0.000000 0.067685 0.999662 0.999662 0.999662
3626.770020 0.000000 1045.529663 0.000000 0.164329 0.000000 -0.986406 1.017547 1.017547 1.017547
3632.103027 0.000000 1048.906494 0.000000 0.573980 0.000000 -0.818869 1.019162 1.019162 1.019162
3686.506836 0.000000 1076.138550 0.000000 0.671393 0.000000 -0.741102 1.010419 1.010419 1.010419
3673.259277 0.000000 1079.541870 0.000000 0.183486 0.000000 -0.983022 1.010383 1.010383 1.010383
3703.208984 0.000000 1081.500488 0.000000 0.404517 0.000000 -0.914530 1.011528 1.011528 1.011528
3669.325439 0.000000 1078.096069 0.000000 0.588332 0.000000 -0.808620 1.016459 1.016459 1.016459
3689.248047 0.000000 1079.310181 0.000000 0.979465 0.000000 -0.201614 1.003041 1.003041 1.003041
3676.265137 0.000000 1082.446899 0.000000 0.807633 0.000000 -0.589685 1.011021 1.011021 1.011021
3629.700439 0.000000 1118.020752 0.000000 0.039033 0.000000 -0.999238 1.007648 1.007648 1.007648
3644.832764 0.000000 1123.886230 0.000000 0.215157 0.000000 -0.976579 1.006760 1.006760 1.006760
3645.729980 0.000000 1138.820557 0.000000 0.929169 0.000000 -0.369654 1.004726 1.004726 1.004726
3648.055908 0.000000 1138.850952 0.000000 0.892868 0.000000 -0.450319 1.002332 1.002332 1.002332
3647.588867 0.000000 1126.535522 0.000000 0.475384 0.000000 -0.879779 1.016109 1.016109 1.016109
3702.250977 0.000000 1098.998169 0.000000 0.687844 0.000000 -0.725859 1.010139 1.010139 1.010139
3642.832275 0.000000 1178.311768 0.000000 0.460576 0.000000 -0.887620 1.002727 1.002727 1.002727
3644.113770 0.000000 1212.439453 0.000000 0.694434 0.000000 -0.719557 1.002005 1.002005 1.002005
3644.832764 0.000000 1187.870605 0.000000 0.018511 0.000000 -0.999829 1.019377 1.019377 1.019377
3639.216797 0.000000 1209.469238 0.000000 0.613743 0.000000 -0.789506 1.006816 1.006816 1.006816
3647.785400 0.000000 1176.597290 0.000000 0.998799 0.000000 -0.049003 1.000612 1.000612 1.000612
3636.446777 0.000000 1223.006348 0.000000 1.000000 0.000000 0.000215 0.999999 0.999999 0.999999
3663.760742 0.000000 1242.290771 0.000000 0.991483 0.000000 -0.130237 1.000652 1.000652 1.000652
3649.872314 0.000000 1225.164917 0.000000 0.780241 0.000000 -0.625479 1.006748 1.006748 1.006748
4132.787109 0.000000 220.993042 0.000000 0.789738 0.000000 -0.613444 1.032975 1.032975 1.032975
4135.068359 0.000000 220.014008 0.000000 0.940039 0.000000 -0.341066 1.018247 1.018247 1.018247
4190.208496 0.000000 291.746246 0.000000 0.807146 0.000000 -0.590352 1.007883 1.007883 1.007883
4189.062500 0.000000 279.570679 0.000000 0.988860 0.000000 -0.148850 1.007833 1.007833 1.007833
4192.155273 0.000000 271.341125 0.000000 0.381850 0.000000 -0.924224 1.017661 1.017661 1.017661
4187.786621 0.000000 293.268860 0.000000 0.166313 0.000000 -0.986073 1.073593 1.073593 1.073593
4188.200195 0.000000 282.238434 0.000000 0.998573 0.000000 -0.053405 1.002801 1.002801 1.002801
4187.839355 0.000000 285.466187 0.000000 0.379180 0.000000 -0.925323 1.035408 1.035408 1.035408
4190.215820 0.000000 273.082947 0.000000 0.999651 0.000000 -0.026410 1.001253 1.001253 1.001253
4188.460449 0.000000 266.041016 0.000000 0.154833 0.000000 -0.987941 1.074203 1.074203 1.074203
4191.428223 0.000000 275.200195 0.000000 0.656533 0.000000 -0.754297 1.040537 1.040537 1.040537
4190.346191 0.000000 281.494934 0.000000 0.907686 0.000000 -0.419651 1.022704 1.022704 1.022704
4188.273926 0.000000 269.191742 0.000000 0.075796 0.000000 -0.997123 1.078375 1.078375 1.078375
4157.810547 0.000000 360.067047 0.000000 0.142620 0.000000 -0.989778 1.024950 1.024950 1.024950
4159.400391 0.000000 356.279999 0.000000 0.996963 0.000000 0.077872 0.996886 0.996886 0.996886
4173.899902 0.000000 321.489868 0.000000 0.993707 0.000000 -0.112007 1.003643 1.003643 1.003643
4161.955078 0.000000 356.618774 0.000000 0.947033 0.000000 -0.321137 1.010611 1.010611 1.010611
4326.428711 0.000000 372.310364 0.000000 0.510923 0.000000 -0.859627 1.010331 1.010331 1.010331
4325.460938 0.000000 377.346710 0.000000 0.949868 0.000000 -0.312652 1.012702 1.012702 1.012702
4345.146484 0.000000 367.616791 0.000000 0.036643 0.000000 -0.999328 1.022980 1.022980 1.022980
4329.169922 0.000000 375.481995 0.000000 0.805308 0.000000 -0.592856 1.022180 1.022180 1.022180
4328.718750 0.000000 378.854218 0.000000 0.991002 0.000000 -0.133850 1.003687 1.003687 1.003687
4347.203125 0.000000 366.111908 0.000000 0.329019 0.000000 -0.944323 1.061691 1.061691 1.061691
4190.569824 0.000000 395.318604 0.000000 0.946935 0.000000 -0.321425 1.004902 1.004902 1.004902
4221.984375 0.000000 410.962555 0.000000 0.998481 0.000000 0.055101 0.996697 0.996697 0.996697
4216.705078 0.000000 409.171051 0.000000 0.007899 0.000000 -0.999969 1.089743 1.089743 1.089743
4220.146484 0.000000 407.125305 0.000000 0.243581 0.000000 -0.969881 1.056224 1.056224 1.056224
4220.392090 0.000000 409.322540 0.000000 0.893335 0.000000 -0.449392 1.037235 1.037235 1.037235
4218.775391 0.000000 408.516388 0.000000 0.746841 0.000000 -0.665002 1.063568 1.063568 1.063568
4264.643555 0.000000 414.060944 0.000000 0.820025 0.000000 -0.572327 1.019776 1.019776 1.019776
4268.905762 0.000000 409.776428 0.000000 0.876219 0.000000 -0.481914 1.007532 1.007532 1.007532
4260.771484 0.000000 412.946167 0.000000 0.999936 0.000000 -0.011305 1.000593 1.000593 1.000593
4279.102539 0.000000 411.064941 0.000000 0.934830 0.000000 -0.355097 1.019032 1.019032 1.019032
4270.582031 0.000000 411.728790 0.000000 0.674410 0.000000 -0.738357 1.043548 1.043548 1.043548
4259.024902 0.000000 415.149841 0.000000 0.999010 0.000000 -0.044492 1.002222 1.002222 1.002222
4280.697266 0.000000 409.171051 0.000000 0.870899 0.000000 -0.491461 1.023088 1.023088 1.023088
4268.125977 0.000000 412.314728 0.000000 0.918476 0.000000 -0.395476 1.016241 1.016241 1.016241
4310.958496 0.000000 389.209229 0.000000 0.972197 0.000000 -0.234166 1.002950 1.002950 1.002950
4302.216309 0.000000 395.071320 0.000000 0.998656 0.000000 0.051828 0.998576 0.998576 0.998576
4305.851562 0.000000 397.214417 0.000000 0.826138 0.000000 -0.563468 1.031382 1.031382 1.031382
4314.502930 0.000000 388.453400 0.000000 0.681245 0.000000 -0.732055 1.043061 1.043061 1.043061
4302.632812 0.000000 398.535614 0.000000 0.868987 0.000000 -0.494836 1.027139 1.027139 1.027139
4320.052734 0.000000 385.711761 0.000000 0.509077 0.000000 -0.860721 1.051763 1.051763 1.051763
4304.808594 0.000000 394.195740 0.000000 0.687585 0.000000 -0.726104 1.040576 1.040576 1.040576
4306.690918 0.000000 395.189667 0.000000 0.763937 0.000000 -0.645290 1.042026 1.042026 1.042026
4318.293457 0.000000 383.978790 0.000000 0.306195 0.000000 -0.951969 1.066038 1.066038 1.066038
4382.783691 0.000000 375.855652 0.000000 0.372400 0.000000 -0.928072 1.002969 1.002969 1.002969
4390.420898 0.000000 372.310364 0.000000 0.997963 0.000000 0.063789 0.998884 0.998884 0.998884
4359.726074 0.000000 363.414337 0.000000 0.735174 0.000000 -0.677879 1.016737 1.016737 1.016737
4365.452637 0.000000 369.581360 0.000000 0.843458 0.000000 -0.537195 1.015574 1.015574 1.015574
4385.214355 0.000000 366.874908 0.000000 0.672879 0.000000 -0.739753 1.014552 1.014552 1.014552
4359.052246 0.000000 366.570251 0.000000 0.837803 0.000000 -0.545972 1.028838 1.028838 1.028838
4378.415039 0.000000 369.423126 0.000000 0.022760 0.000000 -0.999741 1.042512 1.042512 1.042512
4392.710938 0.000000 378.854218 0.000000 0.997057 0.000000 0.076664 0.998084 0.998084 0.998084
4387.621094 0.000000 368.896118 0.000000 0.977690 0.000000 -0.210053 1.006868 1.006868 1.006868
4356.153809 0.000000 364.442810 0.000000 0.639290 0.000000 -0.768966 1.045991 1.045991 1.045991
4388.907227 0.000000 374.700348 0.000000 0.015758 0.000000 -0.999876 1.089291 1.089291 1.089291
4365.757324 0.000000 366.963501 0.000000 0.936169 0.000000 -0.351550 1.018833 1.018833 1.018833
4385.019531 0.000000 369.502197 0.000000 0.974940 0.000000 -0.222466 1.011762 1.011762 1.011762
4353.960938 0.000000 365.388824 0.000000 0.186684 0.000000 -0.982420 1.065602 1.065602 1.065602
4393.393555 0.000000 383.853058 0.000000 0.819593 0.000000 -0.572945 1.031986 1.031986 1.031986
4390.432129 0.000000 379.640381 0.000000 0.998848 0.000000 -0.047995 1.002517 1.002517 1.002517
4358.189941 0.000000 364.741760 0.000000 0.597592 0.000000 -0.801800 1.048773 1.048773 1.048773
4396.992676 0.000000 388.832275 0.000000 0.475012 0.000000 -0.879979 1.042973 1.042973 1.042973
4395.785156 0.000000 384.059174 0.000000 0.030137 0.000000 -0.999546 1.065387 1.065387 1.065387
4392.137695 0.000000 389.195618 0.000000 0.937447 0.000000 -0.348127 1.013316 1.013316 1.013316
4415.088867 0.000000 427.615967 0.000000 0.149013 0.000000 -0.988835 1.053222 1.053222 1.053222
4412.123047 0.000000 407.125305 0.000000 0.764209 0.000000 -0.644969 1.033251 1.033251 1.033251
4412.368652 0.000000 409.322540 0.000000 0.726288 0.000000 -0.687390 1.039734 1.039734 1.039734
4420.714355 0.000000 421.938416 0.000000 0.999724 0.000000 -0.023505 1.000939 1.000939 1.000939
4418.223633 0.000000 413.448425 0.000000 0.620329 0.000000 -0.784342 1.020259 1.020259 1.020259
4419.877930 0.000000 416.923309 0.000000 0.353529 0.000000 -0.935423 1.054350 1.054350 1.054350
4415.668945 0.000000 430.341553 0.000000 0.242898 0.000000 -0.970052 1.046327 1.046327 1.046327
4420.729980 0.000000 425.580444 0.000000 0.255673 0.000000 -0.966763 1.049142 1.049142 1.049142
4415.536133 0.000000 414.981659 0.000000 0.708818 0.000000 -0.705392 1.035185 1.035185 1.035185
4420.870117 0.000000 434.199585 0.000000 0.999993 0.000000 -0.003631 1.000109 1.000109 1.000109
4415.511230 0.000000 411.889954 0.000000 0.191321 0.000000 -0.981528 1.072260 1.072260 1.072260
4417.427246 0.000000 432.804016 0.000000 0.113992 0.000000 -0.993482 1.080000 1.080000 1.080000
4418.428223 0.000000 435.143097 0.000000 0.752005 0.000000 -0.659157 1.037732 1.037732 1.037732
4417.953125 0.000000 429.373199 0.000000 0.228429 0.000000 -0.973560 1.133848 1.133848 1.133848
4417.751465 0.000000 415.833221 0.000000 0.997394 0.000000 0.072150 0.996214 0.996214 0.996214
4418.490723 0.000000 418.580292 0.000000 0.999953 0.000000 -0.009694 1.000508 1.000508 1.000508
4419.273926 0.000000 426.682312 0.000000 0.201452 0.000000 -0.979498 1.105870 1.105870 1.105870
4417.642090 0.000000 431.064972 0.000000 0.970947 0.000000 -0.239296 1.019908 1.019908 1.019908
4416.474609 0.000000 429.054108 0.000000 0.439051 0.000000 -0.898462 1.111471 1.111471 1.111471
4419.630371 0.000000 449.144257 0.000000 0.987622 0.000000 -0.156852 1.009830 1.009830 1.009830
4418.742188 0.000000 453.762054 0.000000 0.872698 0.000000 -0.488261 1.030563 1.030563 1.030563
4418.806641 0.000000 460.953430 0.000000 0.285209 0.000000 -0.958465 1.035195 1.035195 1.035195
4418.425781 0.000000 474.308655 0.000000 0.999368 0.000000 0.035559 0.998047 0.998047 0.998047
4415.536133 0.000000 478.966034 0.000000 0.388382 0.000000 -0.921498 1.052664 1.052664 1.052664
4418.070312 0.000000 471.191406 0.000000 0.656950 0.000000 -0.753934 1.044775 1.044775 1.044775
4419.994629 0.000000 451.673828 0.000000 0.430922 0.000000 -0.902389 1.084280 1.084280 1.084280
4420.935547 0.000000 461.176849 0.000000 0.873335 0.000000 -0.487120 1.033026 1.033026 1.033026
4282.039551 0.000000 698.271851 0.000000 0.726044 0.000000 -0.687648 1.045432 1.045432 1.045432
4291.893555 0.000000 672.860840 0.000000 0.978423 0.000000 -0.206611 1.005715 1.005715 1.005715
4292.965332 0.000000 658.166138 0.000000 0.721862 0.000000 -0.692037 1.017173 1.017173 1.017173
4295.479004 0.000000 665.965454 0.000000 0.738464 0.000000 -0.674293 1.059119 1.059119 1.059119
4289.767090 0.000000 671.770752 0.000000 0.924662 0.000000 -0.380788 1.018530 1.018530 1.018530
4294.987793 0.000000 649.316406 0.000000 0.674371 0.000000 -0.738393 1.060141 1.060141 1.060141
4295.468262 0.000000 651.289673 0.000000 0.999759 0.000000 0.021950 0.998630 0.998630 0.998630
4287.073730 0.000000 750.678528 0.000000 0.949752 0.000000 -0.313002 1.003974 1.003974 1.003974
4281.862305 0.000000 705.796448 0.000000 0.922849 0.000000 -0.385161 1.010858 1.010858 1.010858
4287.104492 0.000000 747.537842 0.000000 0.681263 0.000000 -0.732038 1.043059 1.043059 1.043059
4280.831543 0.000000 703.898743 0.000000 0.761479 0.000000 -0.648189 1.038733 1.038733 1.038733
4279.531250 0.000000 706.388733 0.000000 0.320087 0.000000 -0.947388 1.068379 1.068379 1.068379
4292.885742 0.000000 754.121460 0.000000 0.471587 0.000000 -0.881819 1.040433 1.040433 1.040433
4289.442871 0.000000 752.725891 0.000000 0.606008 0.000000 -0.795458 1.029851 1.029851 1.029851
4290.443848 0.000000 755.064941 0.000000 0.999980 0.000000 -0.006263 1.000438 1.000438 1.000438
4289.968750 0.000000 749.295044 0.000000 0.733475 0.000000 -0.679716 1.039183 1.039183 1.039183
4287.585449 0.000000 747.821838 0.000000 0.988130 0.000000 -0.153620 1.008086 1.008086 1.008086
4304.543457 0.000000 785.230103 0.000000 0.999243 0.000000 0.038896 0.998640 0.998640 0.998640
4307.115723 0.000000 776.836121 0.000000 0.974795 0.000000 -0.223102 1.003932 1.003932 1.003932
4316.249512 0.000000 783.123291 0.000000 0.227900 0.000000 -0.973685 1.070299 1.070299 1.070299
4302.216309 0.000000 778.977600 0.000000 0.943875 0.000000 -0.330302 1.007564 1.007564 1.007564
4301.075195 0.000000 788.596008 0.000000 0.985630 0.000000 -0.168917 1.005085 1.005085 1.005085
4304.085449 0.000000 790.832703 0.000000 0.087992 0.000000 -0.996121 1.037016 1.037016 1.037016
4302.632812 0.000000 782.441833 0.000000 0.257051 0.000000 -0.966398 1.035998 1.035998 1.035998
4301.884277 0.000000 769.380493 0.000000 0.621440 0.000000 -0.783462 1.035959 1.035959 1.035959
4301.395020 0.000000 785.397278 0.000000 0.857530 0.000000 -0.514434 1.020235 1.020235 1.020235
4304.808594 0.000000 778.101990 0.000000 0.975282 0.000000 -0.220962 1.015575 1.015575 1.015575
4306.675293 0.000000 783.565735 0.000000 0.815858 0.000000 -0.578253 1.038483 1.038483 1.038483
4318.200195 0.000000 784.957947 0.000000 0.917621 0.000000 -0.397457 1.020409 1.020409 1.020409
4302.024902 0.000000 773.074036 0.000000 0.789710 0.000000 -0.613481 1.057711 1.057711 1.057711
4299.756348 0.000000 770.854248 0.000000 0.840424 0.000000 -0.541930 1.030027 1.030027 1.030027
4302.597656 0.000000 787.161133 0.000000 0.000468 0.000000 -1.000000 1.086249 1.086249 1.086249
4304.711914 0.000000 782.858948 0.000000 0.997157 0.000000 0.075351 0.995293 0.995293 0.995293
4302.242188 0.000000 776.881775 0.000000 0.608108 0.000000 -0.793855 1.073268 1.073268 1.073268
4302.968750 0.000000 788.932373 0.000000 0.747802 0.000000 -0.663922 1.054379 1.054379 1.054379
4303.106934 0.000000 774.057129 0.000000 0.202104 0.000000 -0.979364 1.180916 1.180916 1.180916
5179.833008 0.000000 491.700073 0.000000 0.050389 0.000000 -0.998730 1.015183 1.015183 1.015183
5220.572266 0.000000 493.808258 0.000000 0.107931 0.000000 -0.994158 1.003652 1.003652 1.003652
5235.064453 0.000000 484.725006 0.000000 0.997911 0.000000 0.064607 0.999839 0.999839 0.999839
5226.353027 0.000000 455.837280 0.000000 0.199183 0.000000 -0.979962 1.003421 1.003421 1.003421
5217.156738 0.000000 468.802582 0.000000 0.637582 0.000000 -0.770383 1.010978 1.010978 1.010978
5223.214844 0.000000 487.329742 0.000000 0.721765 0.000000 -0.692138 1.007634 1.007634 1.007634
5231.220703 0.000000 456.764862 0.000000 0.474973 0.000000 -0.880000 1.013430 1.013430 1.013430
5241.037109 0.000000 495.585541 0.000000 0.999741 0.000000 -0.022760 1.000227 1.000227 1.000227
5235.238281 0.000000 489.597076 0.000000 0.828978 0.000000 -0.559281 1.007409 1.007409 1.007409
5284.564453 0.000000 429.823883 0.000000 0.997259 0.000000 0.073987 0.999815 0.999815 0.999815
5286.311523 0.000000 436.294739 0.000000 0.999987 0.000000 0.005087 0.999949 0.999949 0.999949
5281.610840 0.000000 445.059265 0.000000 0.682663 0.000000 -0.730734 1.010228 1.010228 1.010228
5285.343750 0.000000 441.331085 0.000000 0.209303 0.000000 -0.977851 1.016976 1.016976 1.016976
5327.792969 0.000000 429.264313 0.000000 0.904666 0.000000 -0.426121 1.003297 1.003297 1.003297
5342.067871 0.000000 419.714996 0.000000 0.885533 0.000000 -0.464577 1.002412 1.002412 1.002412
5367.006348 0.000000 441.656738 0.000000 0.233829 0.000000 -0.972278 1.013329 1.013329 1.013329
5325.335449 0.000000 433.565735 0.000000 0.268087 0.000000 -0.963395 1.016220 1.016220 1.016220
5337.604980 0.000000 430.291656 0.000000 0.533651 0.000000 -0.845705 1.012581 1.012581 1.012581
5374.940918 0.000000 430.756683 0.000000 0.830245 0.000000 -0.557398 1.007380 1.007380 1.007380
5323.410645 0.000000 429.560242 0.000000 0.365419 0.000000 -0.930843 1.014938 1.014938 1.014938
5282.882324 0.000000 459.035522 0.000000 0.959558 0.000000 -0.281511 1.002850 1.002850 1.002850
5308.629883 0.000000 484.042511 0.000000 0.524181 0.000000 -0.851607 1.012720 1.012720 1.012720
5302.731445 0.000000 468.416901 0.000000 0.519086 0.000000 -0.854722 1.010236 1.010236 1.010236
5286.233887 0.000000 456.750916 0.000000 0.911553 0.000000 -0.411183 1.009521 1.009521 1.009521
5282.558105 0.000000 455.776947 0.000000 0.491518 0.000000 -0.870868 1.026388 1.026388 1.026388
5313.327637 0.000000 490.902008 0.000000 0.977368 0.000000 -0.211546 1.001596 1.001596 1.001596
5338.321777 0.000000 489.696106 0.000000 0.343563 0.000000 -0.939130 1.015230 1.015230 1.015230
5319.608887 0.000000 491.383087 0.000000 0.843733 0.000000 -0.536763 1.004244 1.004244 1.004244
5352.787109 0.000000 449.961853 0.000000 0.998042 0.000000 -0.062554 1.000469 1.000469 1.000469
5336.759277 0.000000 484.621307 0.000000 0.753475 0.000000 -0.657477 1.007165 1.007165 1.007165
5340.921875 0.000000 471.523804 0.000000 1.000000 0.000000 -0.000074 1.000001 1.000001 1.000001
5356.875488 0.000000 452.816650 0.000000 0.580238 0.000000 -0.814447 1.014257 1.014257 1.014257
5377.319824 0.000000 426.917633 0.000000 0.835659 0.000000 -0.549248 1.005807 1.005807 1.005807
5430.998535 0.000000 441.656738 0.000000 0.993044 0.000000 -0.117742 1.001473 1.001473 1.001473
5434.613770 0.000000 474.483643 0.000000 0.378812 0.000000 -0.925474 1.008855 1.008855 1.008855
5428.228516 0.000000 455.193848 0.000000 0.767188 0.000000 -0.641423 1.003477 1.003477 1.003477
5491.033203 0.000000 484.725006 0.000000 0.150341 0.000000 -0.988634 1.003545 1.003545 1.003545
5500.606445 0.000000 484.042511 0.000000 0.950525 0.000000 -0.310649 1.003943 1.003943 1.003943
5496.030273 0.000000 487.486877 0.000000 0.831287 0.000000 -0.555843 1.007357 1.007357 1.007357
5491.207031 0.000000 489.597076 0.000000 0.999904 0.000000 0.013822 0.999827 0.999827 0.999827
5508.689453 0.000000 472.217102 0.000000 0.028973 0.000000 -0.999580 1.019246 1.019246 1.019246
5999.552246 0.000000 149.912064 0.000000 0.999747 0.000000 -0.022480 1.000056 1.000056 1.000056
5974.247559 0.000000 159.400604 0.000000 0.999879 0.000000 -0.015530 1.000039 1.000039 1.000039
5978.243652 0.000000 169.774231 0.000000 0.314568 0.000000 -0.949235 1.003123 1.003123 1.003123
6001.032715 0.000000 141.450485 0.000000 0.220099 0.000000 -0.975478 1.006735 1.006735 1.006735
5981.989746 0.000000 163.777496 0.000000 0.146666 0.000000 -0.989186 1.007108 1.007108 1.007108
6004.158203 0.000000 135.271988 0.000000 0.011414 0.000000 -0.999935 1.007786 1.007786 1.007786
5982.207520 0.000000 220.212524 0.000000 0.980063 0.000000 -0.198687 1.001498 1.001498 1.001498
5995.907227 0.000000 204.611664 0.000000 0.178053 0.000000 -0.984021 1.013899 1.013899 1.013899
5999.516602 0.000000 240.152161 0.000000 0.241280 0.000000 -0.970456 1.013253 1.013253 1.013253
5879.929688 0.000000 436.260406 0.000000 0.998056 0.000000 0.062331 0.999844 0.999844 0.999844
5860.494141 0.000000 429.823883 0.000000 0.769170 0.000000 -0.639044 1.003461 1.003461 1.003461
5873.651367 0.000000 444.298706 0.000000 0.951655 0.000000 -0.307168 1.001559 1.001559 1.001559
5878.661133 0.000000 404.432526 0.000000 0.808122 0.000000 -0.589016 1.006290 1.006290 1.006290
5871.532227 0.000000 432.105286 0.000000 0.716959 0.000000 -0.697115 1.007703 1.007703 1.007703
5864.648438 0.000000 427.429932 0.000000 0.161903 0.000000 -0.986807 1.017578 1.017578 1.017578
5810.994141 0.000000 484.725006 0.000000 0.473711 0.000000 -0.880681 1.002689 1.002689 1.002689
5814.668945 0.000000 468.416901 0.000000 0.535905 0.000000 -0.844278 1.010038 1.010038 1.010038
5811.749023 0.000000 472.993134 0.000000 0.947928 0.000000 -0.318486 1.003237 1.003237 1.003237
5817.654785 0.000000 470.831329 0.000000 0.039708 0.000000 -0.999211 1.026757 1.026757 1.026757
5821.956543 0.000000 472.206390 0.000000 0.997615 0.000000 -0.069026 1.001552 1.001552 1.001552
5824.003418 0.000000 482.056274 0.000000 0.813135 0.000000 -0.582075 1.003102 1.003102 1.003102
5882.954102 0.000000 454.268158 0.000000 0.804318 0.000000 -0.594200 1.003177 1.003177 1.003177
5834.461426 0.000000 472.961792 0.000000 0.998037 0.000000 0.062622 0.999218 0.999218 0.999218
5842.238770 0.000000 477.733337 0.000000 0.488769 0.000000 -0.872413 1.018526 1.018526 1.018526
5940.801270 0.000000 286.160431 0.000000 0.549612 0.000000 -0.835420 1.004938 1.004938 1.004938
5991.595215 0.000000 317.878143 0.000000 0.463793 0.000000 -0.885944 1.010870 1.010870 1.010870
5982.588379 0.000000 311.871277 0.000000 0.016736 0.000000 -0.999860 1.003880 1.003880 1.003880
5951.987793 0.000000 290.103149 0.000000 0.878101 0.000000 -0.478474 1.003737 1.003737 1.003737
5990.225586 0.000000 308.325989 0.000000 0.005428 0.000000 -0.999985 1.011724 1.011724 1.011724
5989.257812 0.000000 313.362335 0.000000 0.635368 0.000000 -0.772210 1.008811 1.008811 1.008811
5938.978516 0.000000 356.756256 0.000000 0.936004 0.000000 -0.351991 1.002694 1.002694 1.002694
5933.170898 0.000000 363.222473 0.000000 0.567631 0.000000 -0.823283 1.004829 1.004829 1.004829
5942.653320 0.000000 340.448151 0.000000 0.165611 0.000000 -0.986191 1.007012 1.007012 1.007012
5979.641113 0.000000 327.586609 0.000000 0.999918 0.000000 0.012823 0.999936 0.999936 0.999936
5994.259277 0.000000 327.868530 0.000000 0.908642 0.000000 -0.417576 1.001076 1.001076 1.001076
5980.046387 0.000000 335.232666 0.000000 0.998394 0.000000 0.056645 0.999717 0.999717 0.999717
5910.255371 0.000000 415.338104 0.000000 0.803894 0.000000 -0.594773 1.003181 1.003181 1.003181
5914.251465 0.000000 425.711731 0.000000 0.959339 0.000000 -0.282255 1.001429 1.001429 1.001429
5908.855957 0.000000 384.260284 0.000000 0.132400 0.000000 -0.991196 1.003590 1.003590 1.003590
5903.874512 0.000000 387.660980 0.000000 0.367801 0.000000 -0.929905 1.011925 1.011925 1.011925
5899.384766 0.000000 389.512573 0.000000 0.368466 0.000000 -0.929641 1.011918 1.011918 1.011918
5898.663086 0.000000 448.677490 0.000000 0.660953 0.000000 -0.750427 1.002119 1.002119 1.002119
5887.654297 0.000000 451.183746 0.000000 0.895063 0.000000 -0.445939 1.003462 1.003462 1.003462
5623.828125 0.000000 712.021423 0.000000 0.125414 0.000000 -0.992105 1.046899 1.046899 1.046899
5823.662109 0.000000 515.168091 0.000000 0.901384 0.000000 -0.433020 1.001118 1.001118 1.001118
5647.685547 0.000000 701.985168 0.000000 0.187865 0.000000 -0.982195 1.065545 1.065545 1.065545
5636.224609 0.000000 693.264587 0.000000 0.464455 0.000000 -0.885597 1.038020 1.038020 1.038020
5644.934082 0.000000 699.863708 0.000000 0.176326 0.000000 -0.984332 1.080018 1.080018 1.080018
5646.844727 0.000000 703.817810 0.000000 0.055722 0.000000 -0.998446 1.094560 1.094560 1.094560
5642.694336 0.000000 704.614990 0.000000 0.937284 0.000000 -0.348565 1.001778 1.001778 1.001778
5640.988281 0.000000 714.073608 0.000000 0.588316 0.000000 -0.808631 1.002351 1.002351 1.002351
5647.518555 0.000000 730.415710 0.000000 0.287165 0.000000 -0.957881 1.019166 1.019166 1.019166
5650.937988 0.000000 742.047424 0.000000 0.806256 0.000000 -0.591567 1.007902 1.007902 1.007902
5653.377930 0.000000 748.450867 0.000000 0.999956 0.000000 0.009400 0.999883 0.999883 0.999883
5656.720215 0.000000 740.558777 0.000000 0.210532 0.000000 -0.977587 1.061056 1.061056 1.061056
5646.052246 0.000000 714.993225 0.000000 0.758768 0.000000 -0.651361 1.035420 1.035420 1.035420
5638.137695 0.000000 718.731689 0.000000 0.361193 0.000000 -0.932491 1.092968 1.092968 1.092968
5643.416016 0.000000 709.434448 0.000000 0.280596 0.000000 -0.959826 1.012846 1.012846 1.012846
5660.882812 0.000000 727.461304 0.000000 0.243663 0.000000 -0.969860 1.052913 1.052913 1.052913
5649.687500 0.000000 717.136292 0.000000 0.821456 0.000000 -0.570272 1.022725 1.022725 1.022725
5660.938477 0.000000 723.242249 0.000000 0.667891 0.000000 -0.744259 1.052392 1.052392 1.052392
5654.321777 0.000000 744.367371 0.000000 0.397293 0.000000 -0.917692 1.031917 1.031917 1.031917
5650.065430 0.000000 746.186768 0.000000 0.688552 0.000000 -0.725187 1.020255 1.020255 1.020255
5647.354980 0.000000 711.384033 0.000000 0.380375 0.000000 -0.924832 1.058948 1.058948 1.058948
5658.641602 0.000000 715.720764 0.000000 0.007164 0.000000 -0.999974 1.089785 1.089785 1.089785
5647.921387 0.000000 726.848328 0.000000 0.680596 0.000000 -0.732659 1.047212 1.047212 1.047212
5646.468750 0.000000 718.457458 0.000000 0.882584 0.000000 -0.470155 1.023218 1.023218 1.023218
5640.459961 0.000000 721.026245 0.000000 0.997565 0.000000 -0.069744 1.002091 1.002091 1.002091
5663.904785 0.000000 727.708679 0.000000 0.999710 0.000000 -0.024087 1.001263 1.001263 1.001263
5661.705566 0.000000 735.148560 0.000000 0.813158 0.000000 -0.582043 1.031019 1.031019 1.031019
5660.020508 0.000000 730.129089 0.000000 0.812481 0.000000 -0.582987 1.029523 1.029523 1.029523
5642.709473 0.000000 722.623535 0.000000 0.121003 0.000000 -0.992652 1.057900 1.057900 1.057900
5659.622559 0.000000 738.544067 0.000000 0.965283 0.000000 -0.261205 1.009896 1.009896 1.009896
5662.430176 0.000000 725.290283 0.000000 0.044412 0.000000 -0.999013 1.057160 1.057160 1.057160
5645.860840 0.000000 709.089661 0.000000 0.717163 0.000000 -0.696906 1.034650 1.034650 1.034650
5650.625488 0.000000 731.271545 0.000000 0.424123 0.000000 -0.905605 1.073531 1.073531 1.073531
5654.701172 0.000000 742.122437 0.000000 0.802111 0.000000 -0.597175 1.035150 1.035150 1.035150
5662.166504 0.000000 729.385559 0.000000 0.999827 0.000000 0.018600 0.998978 0.998978 0.998978
5636.787109 0.000000 717.114319 0.000000 0.452469 0.000000 -0.891780 1.065985 1.065985 1.065985
5647.701172 0.000000 716.356262 0.000000 0.269821 0.000000 -0.962910 1.074508 1.074508 1.074508
5646.006348 0.000000 726.421021 0.000000 0.384363 0.000000 -0.923182 1.067543 1.067543 1.067543
5647.821289 0.000000 705.667114 0.000000 0.568835 0.000000 -0.822452 1.057863 1.057863 1.057863
5646.095215 0.000000 707.243103 0.000000 0.801296 0.000000 -0.598269 1.041629 1.041629 1.041629
6166.224121 0.000000 287.369354 0.000000 0.393754 0.000000 -0.919216 1.005822 1.005822 1.005822
6171.617676 0.000000 263.602234 0.000000 0.116946 0.000000 -0.993138 1.007258 1.007258 1.007258
6174.564941 0.000000 311.871277 0.000000 0.998270 0.000000 0.058789 0.999853 0.999853 0.999853
6174.184082 0.000000 284.196899 0.000000 0.720082 0.000000 -0.693889 1.007658 1.007658 1.007658
6178.772949 0.000000 267.082397 0.000000 0.906927 0.000000 -0.421287 1.002171 1.002171 1.002171
6172.022949 0.000000 271.248291 0.000000 0.205436 0.000000 -0.978671 1.010215 1.010215 1.010215
6173.966309 0.000000 291.746246 0.000000 0.998666 0.000000 0.051631 0.999613 0.999613 0.999613
6173.949219 0.000000 304.604645 0.000000 0.998576 0.000000 -0.053346 1.000400 1.000400 1.000400
6155.108398 0.000000 271.366089 0.000000 0.037846 0.000000 -0.999284 1.011481 1.011481 1.011481
"}
