object={
	name="steppe_bush_01_generator_0"
	clamp_to_water_level=no
	render_under_water=no
	generated_content=yes
	layer="grass_layer"
	pdxmesh="steppe_bush_01_mesh"
	count=355
	transform="3629.451904 0.000000 1003.066223 0.000000 0.070494 0.000000 0.997512 0.258420 0.258420 0.258420
3626.171387 0.000000 1007.600403 0.000000 0.057104 0.000000 0.998368 0.253425 0.253425 0.253425
3740.051270 0.000000 1022.738953 0.000000 0.903661 0.000000 0.428248 0.427908 0.427908 0.427908
3569.329346 0.000000 1165.200439 0.000000 0.643370 0.000000 -0.765555 0.639856 0.639856 0.639856
3573.683105 0.000000 1167.499756 0.000000 0.809945 0.000000 0.586505 0.398687 0.398687 0.398687
3641.973389 0.000000 1037.275513 0.000000 0.753318 0.000000 0.657656 0.382638 0.382638 0.382638
3629.451904 0.000000 1067.050537 0.000000 0.125025 0.000000 0.992154 0.265440 0.265440 0.265440
3612.335205 0.000000 1039.060791 0.000000 0.215915 0.000000 -0.976412 0.720431 0.720431 0.720431
3636.446777 0.000000 1031.053223 0.000000 0.053370 0.000000 -0.998575 0.744343 0.744343 0.744343
3623.409912 0.000000 1063.189087 0.000000 0.896027 0.000000 -0.443999 0.574656 0.574656 0.574656
3637.675293 0.000000 1039.531006 0.000000 0.865301 0.000000 -0.501252 0.584874 0.584874 0.584874
3645.343994 0.000000 1040.216064 0.000000 0.786963 0.000000 -0.617001 0.608731 0.608731 0.608731
3638.258789 0.000000 1035.013794 0.000000 0.401926 0.000000 -0.915672 0.687782 0.687782 0.687782
3634.571533 0.000000 1033.921997 0.000000 0.915371 0.000000 0.402612 0.432241 0.432241 0.432241
3649.057129 0.000000 1039.606445 0.000000 0.759097 0.000000 0.650978 0.386737 0.386737 0.386737
3684.759766 0.000000 1069.667603 0.000000 0.087577 0.000000 0.996158 0.263031 0.263031 0.263031
3699.251709 0.000000 1060.584351 0.000000 0.823488 0.000000 0.567333 0.403611 0.403611 0.403611
3653.116455 0.000000 1082.306030 0.000000 0.652329 0.000000 0.757936 0.362030 0.362030 0.362030
3708.105957 0.000000 1084.470703 0.000000 0.264330 0.000000 0.964432 0.287695 0.287695 0.287695
3708.012451 0.000000 1067.559448 0.000000 0.956806 0.000000 -0.290726 0.547132 0.547132 0.547132
3678.253662 0.000000 1072.417114 0.000000 0.942532 0.000000 -0.334117 0.554644 0.554644 0.554644
3681.222412 0.000000 1064.618530 0.000000 0.525563 0.000000 -0.850755 0.665737 0.665737 0.665737
3709.722168 0.000000 1074.836182 0.000000 0.910775 0.000000 -0.412902 0.568805 0.568805 0.568805
3704.249023 0.000000 1063.346191 0.000000 0.783188 0.000000 0.621786 0.391110 0.391110 0.391110
3653.132568 0.000000 1087.687622 0.000000 0.270861 0.000000 0.962618 0.288799 0.288799 0.288799
3652.916016 0.000000 1048.076416 0.000000 0.995149 0.000000 0.098375 0.484010 0.484010 0.484010
3710.913574 0.000000 1079.819824 0.000000 0.630505 0.000000 -0.776185 0.644752 0.644752 0.644752
3678.281250 0.000000 1067.944092 0.000000 0.743148 0.000000 -0.669127 0.619411 0.619411 0.619411
3591.729736 0.000000 1117.058838 0.000000 0.666432 0.000000 0.745566 0.364514 0.364514 0.364514
3592.123779 0.000000 1137.602539 0.000000 0.154694 0.000000 -0.987962 0.730581 0.730581 0.730581
3641.866211 0.000000 1119.723389 0.000000 0.248566 0.000000 0.968615 0.285038 0.285038 0.285038
3591.729248 0.000000 1121.917725 0.000000 0.767935 0.000000 -0.640527 0.613245 0.613245 0.613245
3645.578369 0.000000 1117.635742 0.000000 0.529335 0.000000 0.848413 0.334354 0.334354 0.334354
3695.833008 0.000000 1109.677734 0.000000 0.063255 0.000000 -0.997997 0.746512 0.746512 0.746512
3658.936523 0.000000 1088.521240 0.000000 0.700947 0.000000 -0.713214 0.627867 0.627867 0.627867
3664.621338 0.000000 1105.151978 0.000000 0.038427 0.000000 0.999261 0.254205 0.254205 0.254205
3655.721924 0.000000 1117.058838 0.000000 0.487133 0.000000 -0.873328 0.670347 0.670347 0.670347
3681.343994 0.000000 1108.646362 0.000000 0.964257 0.000000 -0.264970 0.542848 0.542848 0.542848
3657.230225 0.000000 1097.979858 0.000000 0.866190 0.000000 -0.499715 0.583607 0.583607 0.583607
3647.785400 0.000000 1112.612915 0.000000 0.804782 0.000000 -0.593570 0.601934 0.601934 0.601934
3648.268799 0.000000 1121.900024 0.000000 0.957075 0.000000 0.289840 0.452832 0.452832 0.452832
3667.193604 0.000000 1096.757935 0.000000 0.995044 0.000000 0.099438 0.483961 0.483961 0.483961
3689.096436 0.000000 1104.146484 0.000000 0.947770 0.000000 -0.318955 0.553489 0.553489 0.553489
3663.760742 0.000000 1114.322021 0.000000 0.142834 0.000000 -0.989747 0.731644 0.731644 0.731644
3701.074219 0.000000 1117.957275 0.000000 0.747746 0.000000 -0.663985 0.617381 0.617381 0.617381
3654.343262 0.000000 1092.421875 0.000000 0.164468 0.000000 0.986382 0.273664 0.273664 0.273664
3659.412598 0.000000 1103.162964 0.000000 0.718999 0.000000 0.695011 0.375302 0.375302 0.375302
3684.981934 0.000000 1093.478516 0.000000 0.838971 0.000000 0.544175 0.406267 0.406267 0.406267
3700.006348 0.000000 1112.836914 0.000000 0.228759 0.000000 0.973483 0.282552 0.282552 0.282552
3669.057373 0.000000 1113.998535 0.000000 1.000000 0.000000 0.000259 0.499958 0.499958 0.499958
3652.916016 0.000000 1112.060791 0.000000 0.988684 0.000000 0.150010 0.475659 0.475659 0.475659
3662.294434 0.000000 1098.899414 0.000000 0.999986 0.000000 0.005245 0.499136 0.499136 0.499136
3658.726562 0.000000 1112.805542 0.000000 0.916643 0.000000 -0.399707 0.567240 0.567240 0.567240
3690.762207 0.000000 1109.514038 0.000000 0.994513 0.000000 -0.104610 0.517072 0.517072 0.517072
3650.317383 0.000000 1117.276489 0.000000 0.320673 0.000000 0.947190 0.298071 0.298071 0.298071
3694.127686 0.000000 1105.065186 0.000000 0.808429 0.000000 0.588593 0.397877 0.397877 0.397877
3692.188477 0.000000 1100.392944 0.000000 0.113658 0.000000 0.993520 0.264491 0.264491 0.264491
3659.658203 0.000000 1093.340698 0.000000 0.485791 0.000000 0.874075 0.327415 0.327415 0.327415
3680.250000 0.000000 1093.779541 0.000000 0.572976 0.000000 -0.819572 0.657091 0.657091 0.657091
3687.789795 0.000000 1099.769409 0.000000 0.354674 0.000000 -0.934990 0.696820 0.696820 0.696820
3665.929688 0.000000 1101.042480 0.000000 0.788047 0.000000 0.615615 0.390315 0.390315 0.390315
3697.254395 0.000000 1116.118042 0.000000 0.338068 0.000000 0.941122 0.298000 0.298000 0.298000
3696.095215 0.000000 1112.890869 0.000000 0.912914 0.000000 0.408152 0.429675 0.429675 0.429675
3686.526855 0.000000 1105.583130 0.000000 0.974607 0.000000 -0.223922 0.537635 0.537635 0.537635
3742.861816 0.000000 1079.683838 0.000000 0.442293 0.000000 -0.896871 0.680555 0.680555 0.680555
3712.048096 0.000000 1074.866577 0.000000 0.699184 0.000000 -0.714942 0.629756 0.629756 0.629756
3742.245850 0.000000 1072.417114 0.000000 0.367916 0.000000 -0.929859 0.693017 0.693017 0.693017
3741.051514 0.000000 1025.473633 0.000000 0.686811 0.000000 0.726836 0.367448 0.367448 0.367448
3711.649170 0.000000 1084.821655 0.000000 0.954511 0.000000 0.298176 0.450677 0.450677 0.450677
3733.611816 0.000000 1068.372803 0.000000 0.288598 0.000000 0.957450 0.293404 0.293404 0.293404
3745.980225 0.000000 1075.744873 0.000000 0.164793 0.000000 -0.986328 0.728037 0.728037 0.728037
3737.800293 0.000000 1070.135376 0.000000 0.029539 0.000000 -0.999564 0.750108 0.750108 0.750108
3740.215332 0.000000 1076.159668 0.000000 0.979420 0.000000 0.201831 0.467021 0.467021 0.467021
3731.185791 0.000000 1096.757935 0.000000 0.693307 0.000000 0.720642 0.368910 0.368910 0.368910
3735.028564 0.000000 1093.037354 0.000000 0.859119 0.000000 -0.511775 0.586847 0.586847 0.586847
3631.840820 0.000000 1173.662109 0.000000 0.242530 0.000000 -0.970144 0.716804 0.716804 0.716804
3635.259521 0.000000 1188.553101 0.000000 0.783654 0.000000 -0.621198 0.607095 0.607095 0.607095
3620.910645 0.000000 1184.849121 0.000000 0.875459 0.000000 -0.483292 0.580594 0.580594 0.580594
3619.058594 0.000000 1152.281250 0.000000 0.998697 0.000000 0.051032 0.491843 0.491843 0.491843
3593.238037 0.000000 1161.964233 0.000000 0.827507 0.000000 0.561455 0.403261 0.403261 0.403261
3633.321533 0.000000 1165.200439 0.000000 0.199536 0.000000 0.979890 0.280262 0.280262 0.280262
3636.236084 0.000000 1198.038086 0.000000 0.647011 0.000000 0.762481 0.359285 0.359285 0.359285
3614.278564 0.000000 1187.527466 0.000000 0.967432 0.000000 -0.253129 0.541369 0.541369 0.541369
3590.351074 0.000000 1156.406250 0.000000 0.999054 0.000000 -0.043492 0.507006 0.507006 0.507006
3617.230225 0.000000 1192.587280 0.000000 0.734338 0.000000 -0.678784 0.622472 0.622472 0.622472
3595.420410 0.000000 1167.147339 0.000000 0.088361 0.000000 -0.996089 0.740544 0.740544 0.740544
3620.989746 0.000000 1157.462891 0.000000 0.441825 0.000000 -0.897101 0.679250 0.679250 0.679250
3590.387207 0.000000 1166.622314 0.000000 0.284639 0.000000 0.958635 0.291936 0.291936 0.291936
3630.135498 0.000000 1169.049561 0.000000 0.253381 0.000000 0.967367 0.285848 0.285848 0.285848
3635.433350 0.000000 1193.425171 0.000000 0.934589 0.000000 -0.355729 0.558792 0.558792 0.558792
3616.257812 0.000000 1157.763916 0.000000 0.801878 0.000000 -0.597488 0.604315 0.604315 0.604315
3614.289062 0.000000 1195.912842 0.000000 0.727186 0.000000 0.686440 0.377225 0.377225 0.377225
3614.639893 0.000000 1163.131104 0.000000 0.997053 0.000000 -0.076712 0.512461 0.512461 0.512461
3604.528809 0.000000 1274.749390 0.000000 0.236315 0.000000 -0.971676 0.714525 0.714525 0.714525
3631.840820 0.000000 1237.646484 0.000000 0.855798 0.000000 0.517310 0.411770 0.411770 0.411770
3620.767578 0.000000 1261.620728 0.000000 0.383486 0.000000 0.923547 0.311904 0.311904 0.311904
3617.351807 0.000000 1236.615112 0.000000 0.201106 0.000000 -0.979569 0.723751 0.723751 0.723751
3614.877441 0.000000 1271.636963 0.000000 0.999993 0.000000 0.003650 0.499417 0.499417 0.499417
3633.924561 0.000000 1276.095581 0.000000 0.892155 0.000000 0.451730 0.424526 0.424526 0.424526
3633.321533 0.000000 1229.184814 0.000000 0.660446 0.000000 0.750874 0.363756 0.363756 0.363756
3629.700439 0.000000 1245.989502 0.000000 0.234906 0.000000 -0.972018 0.718088 0.718088 0.718088
3614.496338 0.000000 1243.962524 0.000000 0.969859 0.000000 -0.243666 0.539943 0.539943 0.539943
3619.085449 0.000000 1226.848022 0.000000 0.849812 0.000000 0.527085 0.409910 0.409910 0.409910
3617.813721 0.000000 1276.856201 0.000000 0.784395 0.000000 -0.620262 0.608157 0.608157 0.608157
3631.415771 0.000000 1224.577393 0.000000 0.733584 0.000000 0.679599 0.378745 0.378745 0.378745
3621.546631 0.000000 1273.127930 0.000000 0.838442 0.000000 -0.544991 0.593532 0.593532 0.593532
3619.851562 0.000000 1232.253174 0.000000 0.605923 0.000000 0.795523 0.350727 0.350727 0.350727
3630.135498 0.000000 1233.033936 0.000000 0.176156 0.000000 -0.984362 0.727036 0.727036 0.727036
3628.196289 0.000000 1228.361694 0.000000 0.670699 0.000000 -0.741729 0.636648 0.636648 0.636648
3618.657471 0.000000 1241.312378 0.000000 0.581704 0.000000 0.813401 0.346435 0.346435 0.346435
3628.983398 0.000000 1241.573364 0.000000 0.353973 0.000000 -0.935256 0.696188 0.696188 0.696188
3633.463867 0.000000 1248.389038 0.000000 0.566656 0.000000 -0.823954 0.659558 0.659558 0.659558
3631.736816 0.000000 1255.151855 0.000000 0.934876 0.000000 0.354974 0.440659 0.440659 0.440659
3628.103760 0.000000 1278.468506 0.000000 0.338460 0.000000 -0.940981 0.700401 0.700401 0.700401
3633.262207 0.000000 1244.086792 0.000000 0.264572 0.000000 -0.964366 0.712264 0.712264 0.712264
3629.086426 0.000000 1220.629150 0.000000 0.852091 0.000000 -0.523394 0.590074 0.590074 0.590074
3616.225098 0.000000 1231.106689 0.000000 0.105652 0.000000 -0.994403 0.738640 0.738640 0.738640
3630.755859 0.000000 1248.820312 0.000000 0.307483 0.000000 0.951553 0.290320 0.290320 0.290320
3657.230225 0.000000 1225.948608 0.000000 0.338125 0.000000 -0.941101 0.698929 0.698929 0.698929
3667.180176 0.000000 1253.922363 0.000000 0.808722 0.000000 0.588192 0.398743 0.398743 0.398743
3654.343262 0.000000 1220.390625 0.000000 0.930215 0.000000 -0.367014 0.561452 0.561452 0.561452
3669.619629 0.000000 1260.325928 0.000000 0.591273 0.000000 0.806471 0.348931 0.348931 0.348931
3654.379395 0.000000 1230.606689 0.000000 0.752982 0.000000 -0.658042 0.616100 0.616100 0.616100
3655.721436 0.000000 1249.886475 0.000000 0.142374 0.000000 -0.989813 0.733502 0.733502 0.733502
3620.767578 0.000000 1325.605103 0.000000 0.388190 0.000000 0.921579 0.312718 0.312718 0.312718
3619.058594 0.000000 1280.250000 0.000000 0.962928 0.000000 0.269758 0.455676 0.455676 0.455676
3605.137207 0.000000 1280.041504 0.000000 0.991341 0.000000 -0.131316 0.521453 0.521453 0.521453
3608.577881 0.000000 1302.019653 0.000000 0.502452 0.000000 -0.864605 0.669475 0.669475 0.669475
3631.112793 0.000000 1281.115601 0.000000 0.916097 0.000000 0.400957 0.433566 0.433566 0.433566
3622.514648 0.000000 1332.076050 0.000000 0.978227 0.000000 -0.207539 0.533925 0.533925 0.533925
3621.546631 0.000000 1337.112305 0.000000 0.715579 0.000000 0.698532 0.374988 0.374988 0.374988
3609.751953 0.000000 1307.526855 0.000000 0.437281 0.000000 0.899325 0.318540 0.318540 0.318540
3635.433350 0.000000 1321.393921 0.000000 0.831110 0.000000 -0.556108 0.596061 0.596061 0.596061
3616.257812 0.000000 1285.732666 0.000000 0.664137 0.000000 0.747611 0.362965 0.362965 0.362965
3649.057129 0.000000 1295.543945 0.000000 0.996818 0.000000 0.079709 0.487051 0.487051 0.487051
3681.343994 0.000000 1300.599487 0.000000 0.561136 0.000000 -0.827723 0.655791 0.655791 0.655791
3678.869629 0.000000 1335.621338 0.000000 0.314536 0.000000 -0.949245 0.699856 0.699856 0.699856
3647.785400 0.000000 1304.566040 0.000000 0.650806 0.000000 0.759244 0.359556 0.359556 0.359556
3687.482666 0.000000 1305.271240 0.000000 0.201177 0.000000 0.979555 0.278822 0.278822 0.278822
3682.649658 0.000000 1305.296753 0.000000 0.593508 0.000000 -0.804828 0.652958 0.652958 0.652958
3649.899658 0.000000 1300.265869 0.000000 0.734769 0.000000 -0.678318 0.621902 0.621902 0.621902
3635.259521 0.000000 1380.506226 0.000000 0.157938 0.000000 0.987449 0.273479 0.273479 0.273479
3642.832275 0.000000 1370.264893 0.000000 0.039301 0.000000 0.999227 0.255301 0.255301 0.255301
3643.227051 0.000000 1350.049438 0.000000 0.486087 0.000000 -0.873911 0.670539 0.670539 0.670539
3646.748535 0.000000 1350.574829 0.000000 0.951139 0.000000 0.308762 0.448671 0.448671 0.448671
3647.927490 0.000000 1346.964966 0.000000 0.925852 0.000000 -0.377887 0.562158 0.562158 0.562158
3647.785400 0.000000 1368.550415 0.000000 0.984998 0.000000 -0.172567 0.528253 0.528253 0.528253
3649.872314 0.000000 1353.133667 0.000000 0.761777 0.000000 -0.647840 0.614363 0.614363 0.614363
3649.899658 0.000000 1364.250244 0.000000 0.312839 0.000000 0.949806 0.295167 0.295167 0.295167
5874.986328 0.000000 228.787521 0.000000 0.706991 0.000000 0.707223 0.374484 0.374484 0.374484
5863.610840 0.000000 253.893768 0.000000 0.973369 0.000000 0.229242 0.463043 0.463043 0.463043
5868.932617 0.000000 244.408386 0.000000 0.221229 0.000000 -0.975222 0.716179 0.716179 0.716179
5873.651367 0.000000 252.345596 0.000000 0.918514 0.000000 0.395389 0.435051 0.435051 0.435051
5869.178711 0.000000 235.253708 0.000000 0.188303 0.000000 0.982111 0.278425 0.278425 0.278425
6007.914062 0.000000 116.338516 0.000000 0.379916 0.000000 0.925021 0.311286 0.311286 0.311286
6011.824707 0.000000 124.705093 0.000000 0.167280 0.000000 0.985909 0.274998 0.274998 0.274998
6017.241699 0.000000 106.995743 0.000000 0.763374 0.000000 0.645957 0.387791 0.387791 0.387791
5947.832520 0.000000 188.689468 0.000000 0.094483 0.000000 -0.995526 0.736783 0.736783 0.736783
6003.947266 0.000000 174.288040 0.000000 0.387211 0.000000 0.921991 0.311084 0.311084 0.311084
6002.449707 0.000000 182.534241 0.000000 0.428954 0.000000 0.903326 0.317744 0.317744 0.317744
5993.882324 0.000000 175.803543 0.000000 0.004556 0.000000 0.999990 0.247792 0.247792 0.247792
6006.928223 0.000000 185.719223 0.000000 0.955961 0.000000 -0.293493 0.547967 0.547967 0.547967
6014.632812 0.000000 184.038559 0.000000 0.242851 0.000000 0.970064 0.285732 0.285732 0.285732
5999.516602 0.000000 176.167786 0.000000 0.878286 0.000000 0.478136 0.419412 0.419412 0.419412
5935.560059 0.000000 213.896439 0.000000 0.554002 0.000000 0.832515 0.342836 0.342836 0.342836
5915.648926 0.000000 199.617844 0.000000 0.669685 0.000000 -0.742646 0.633737 0.633737 0.633737
5942.334961 0.000000 192.705353 0.000000 0.950913 0.000000 0.309459 0.449533 0.449533 0.449533
5924.486328 0.000000 237.870758 0.000000 0.976076 0.000000 -0.217428 0.535020 0.535020 0.535020
5921.070801 0.000000 212.865082 0.000000 0.781059 0.000000 0.624457 0.391397 0.391397 0.391397
5906.920410 0.000000 200.976730 0.000000 0.975584 0.000000 -0.219625 0.535518 0.535518 0.535518
5933.419434 0.000000 222.239502 0.000000 0.093999 0.000000 -0.995572 0.737782 0.737782 0.737782
5900.709473 0.000000 248.401154 0.000000 0.999776 0.000000 0.021154 0.496607 0.496607 0.496607
5927.209473 0.000000 217.536835 0.000000 0.561038 0.000000 0.827790 0.342973 0.342973 0.342973
5916.054199 0.000000 207.263916 0.000000 0.977691 0.000000 0.210048 0.465791 0.465791 0.465791
5940.166016 0.000000 199.256363 0.000000 0.950150 0.000000 0.311794 0.449139 0.449139 0.449139
5910.009277 0.000000 206.272842 0.000000 0.505230 0.000000 0.862985 0.332347 0.332347 0.332347
5949.448730 0.000000 243.039337 0.000000 0.743082 0.000000 0.669201 0.381946 0.381946 0.381946
5950.640625 0.000000 248.022934 0.000000 0.336508 0.000000 -0.941681 0.698442 0.698442 0.698442
5974.247559 0.000000 223.384979 0.000000 0.742126 0.000000 -0.670260 0.618743 0.618743 0.618743
5956.835449 0.000000 250.509155 0.000000 0.739513 0.000000 -0.673142 0.617989 0.617989 0.617989
5959.440918 0.000000 221.277542 0.000000 0.309819 0.000000 0.950796 0.297783 0.297783 0.297783
5985.062988 0.000000 212.865082 0.000000 0.803498 0.000000 -0.595308 0.601883 0.601883 0.601883
5960.075195 0.000000 212.281219 0.000000 0.120723 0.000000 0.992686 0.265641 0.265641 0.265641
5951.774902 0.000000 243.069733 0.000000 0.161326 0.000000 0.986901 0.273151 0.273151 0.273151
6006.645508 0.000000 212.479401 0.000000 0.997908 0.000000 0.064649 0.489623 0.489623 0.489623
5981.989746 0.000000 227.761871 0.000000 0.482301 0.000000 -0.876006 0.671233 0.671233 0.671233
5951.375977 0.000000 253.024734 0.000000 0.998270 0.000000 0.058798 0.490490 0.490490 0.490490
6012.921387 0.000000 192.759659 0.000000 0.212893 0.000000 0.977076 0.281605 0.281605 0.281605
5964.872070 0.000000 212.736618 0.000000 0.932055 0.000000 -0.362317 0.559933 0.559933 0.559933
6005.386230 0.000000 207.734161 0.000000 0.927092 0.000000 -0.374835 0.562109 0.562109 0.562109
6043.633301 0.000000 135.633469 0.000000 0.895666 0.000000 0.444728 0.426362 0.426362 0.426362
6066.962891 0.000000 164.803146 0.000000 0.524503 0.000000 -0.851409 0.664033 0.664033 0.664033
6074.535645 0.000000 154.561768 0.000000 0.716533 0.000000 0.697553 0.376172 0.376172 0.376172
6015.638672 0.000000 131.261871 0.000000 0.134052 0.000000 0.990974 0.270503 0.270503 0.270503
6015.767090 0.000000 179.085358 0.000000 0.374395 0.000000 -0.927269 0.690407 0.690407 0.690407
6034.891113 0.000000 166.188049 0.000000 0.714132 0.000000 -0.700011 0.624863 0.624863 0.624863
6043.770508 0.000000 190.942078 0.000000 0.720429 0.000000 0.693528 0.377071 0.377071 0.377071
6045.981934 0.000000 163.777496 0.000000 0.518553 0.000000 -0.855045 0.665796 0.665796 0.665796
6068.785645 0.000000 158.191681 0.000000 0.442493 0.000000 -0.896772 0.680519 0.680519 0.680519
6015.368164 0.000000 189.040359 0.000000 0.161543 0.000000 -0.986866 0.727693 0.727693 0.727693
6020.843750 0.000000 191.906418 0.000000 0.988648 0.000000 -0.150253 0.524287 0.524287 0.524287
6040.673340 0.000000 164.699432 0.000000 0.914819 0.000000 0.403863 0.432796 0.432796 0.432796
6020.177734 0.000000 181.389557 0.000000 0.999729 0.000000 -0.023298 0.503767 0.503767 0.503767
6056.424805 0.000000 158.123444 0.000000 0.996028 0.000000 0.089036 0.485588 0.485588 0.485588
6065.167480 0.000000 160.654678 0.000000 0.732203 0.000000 -0.681086 0.622519 0.622519 0.622519
6064.965332 0.000000 156.352386 0.000000 0.913649 0.000000 0.406504 0.431545 0.431545 0.431545
6087.425293 0.000000 157.293167 0.000000 0.867547 0.000000 0.497355 0.416827 0.416827 0.416827
6139.715820 0.000000 171.778198 0.000000 0.802413 0.000000 -0.596770 0.602174 0.602174 0.602174
6079.488770 0.000000 152.847305 0.000000 0.982660 0.000000 0.185419 0.469969 0.469969 0.469969
6102.929199 0.000000 178.384308 0.000000 0.167004 0.000000 0.985956 0.273202 0.273202 0.273202
6095.463867 0.000000 154.556351 0.000000 0.350809 0.000000 0.936447 0.305533 0.305533 0.305533
6088.059570 0.000000 148.296844 0.000000 0.573994 0.000000 0.818860 0.346106 0.346106 0.346106
6109.957031 0.000000 176.635895 0.000000 0.861406 0.000000 -0.507917 0.585457 0.585457 0.585457
6140.687988 0.000000 148.792358 0.000000 0.269589 0.000000 0.962976 0.290204 0.290204 0.290204
6141.425293 0.000000 179.054962 0.000000 0.717388 0.000000 -0.696674 0.624112 0.624112 0.624112
6104.962891 0.000000 183.760605 0.000000 0.726704 0.000000 -0.686950 0.622416 0.622416 0.622416
6101.323242 0.000000 172.591492 0.000000 0.984081 0.000000 0.177719 0.471230 0.471230 0.471230
6142.617188 0.000000 184.038559 0.000000 0.703813 0.000000 -0.710386 0.627712 0.627712 0.627712
6092.856445 0.000000 148.752243 0.000000 0.795406 0.000000 0.606077 0.394746 0.394746 0.394746
6055.587402 0.000000 253.893768 0.000000 0.820047 0.000000 0.572297 0.402266 0.402266 0.402266
6073.676758 0.000000 205.478622 0.000000 0.793447 0.000000 -0.608640 0.604959 0.604959 0.604959
6060.909180 0.000000 244.408386 0.000000 0.524773 0.000000 0.851242 0.337289 0.337289 0.337289
6050.761719 0.000000 192.515625 0.000000 0.912632 0.000000 0.408783 0.432451 0.432451 0.432451
6065.627930 0.000000 252.345596 0.000000 0.987248 0.000000 0.159193 0.474356 0.474356 0.474356
6034.904785 0.000000 200.976730 0.000000 0.993763 0.000000 0.111509 0.482076 0.482076 0.482076
6061.403809 0.000000 222.239502 0.000000 0.983874 0.000000 -0.178861 0.528845 0.528845 0.528845
6050.788574 0.000000 203.098022 0.000000 0.809269 0.000000 0.587438 0.399284 0.399284 0.399284
6070.637695 0.000000 212.479401 0.000000 0.969191 0.000000 0.246312 0.459769 0.459769 0.459769
6068.785645 0.000000 222.176056 0.000000 0.146955 0.000000 -0.989143 0.728303 0.728303 0.728303
6044.770508 0.000000 193.676788 0.000000 0.595886 0.000000 0.803069 0.349854 0.349854 0.349854
6031.858887 0.000000 195.707855 0.000000 0.497361 0.000000 0.867544 0.330882 0.330882 0.330882
6060.212891 0.000000 250.174866 0.000000 0.627693 0.000000 -0.778461 0.644227 0.644227 0.644227
6052.693359 0.000000 197.697250 0.000000 0.802431 0.000000 -0.596745 0.602967 0.602967 0.602967
6038.747559 0.000000 197.256104 0.000000 0.504921 0.000000 0.863166 0.331639 0.331639 0.331639
6067.717773 0.000000 217.055634 0.000000 0.352290 0.000000 -0.935891 0.694969 0.694969 0.694969
6107.625488 0.000000 199.617844 0.000000 0.887214 0.000000 -0.461358 0.576618 0.576618 0.576618
6114.753906 0.000000 192.515625 0.000000 0.484460 0.000000 0.874813 0.329163 0.329163 0.329163
6098.896973 0.000000 200.976730 0.000000 0.853900 0.000000 0.520437 0.412201 0.412201 0.412201
6114.780762 0.000000 203.098022 0.000000 0.446204 0.000000 -0.894931 0.679846 0.679846 0.679846
6108.030762 0.000000 207.263916 0.000000 0.998626 0.000000 -0.052411 0.508443 0.508443 0.508443
6126.808105 0.000000 193.381256 0.000000 0.171087 0.000000 -0.985256 0.724382 0.724382 0.724382
6087.515137 0.000000 235.445587 0.000000 0.241616 0.000000 -0.970372 0.713646 0.713646 0.713646
6101.985840 0.000000 206.272842 0.000000 0.783845 0.000000 0.620957 0.391699 0.391699 0.391699
6120.693359 0.000000 194.024338 0.000000 0.903919 0.000000 0.427704 0.428834 0.428834 0.428834
6091.116211 0.000000 207.381714 0.000000 0.981890 0.000000 -0.189450 0.530692 0.530692 0.530692
6116.685547 0.000000 197.697250 0.000000 0.056169 0.000000 0.998421 0.254218 0.254218 0.254218
6119.493164 0.000000 203.988113 0.000000 0.976513 0.000000 -0.215459 0.535240 0.535240 0.535240
5871.567871 0.000000 277.880829 0.000000 0.766857 0.000000 -0.641818 0.611345 0.611345 0.611345
5864.831055 0.000000 272.349640 0.000000 0.876903 0.000000 -0.480667 0.580428 0.580428 0.580428
5846.263184 0.000000 415.338104 0.000000 0.189033 0.000000 -0.981971 0.720594 0.720594 0.720594
5882.559082 0.000000 410.499268 0.000000 0.926219 0.000000 0.376985 0.437998 0.437998 0.437998
5850.259277 0.000000 425.711731 0.000000 0.957638 0.000000 -0.287975 0.546673 0.546673 0.546673
5884.559570 0.000000 420.058136 0.000000 0.976735 0.000000 0.214450 0.465062 0.465062 0.465062
5882.954102 0.000000 390.283783 0.000000 0.998687 0.000000 -0.051225 0.508220 0.508220 0.508220
5876.809082 0.000000 414.129181 0.000000 0.938569 0.000000 -0.345093 0.556736 0.556736 0.556736
5875.741211 0.000000 409.008759 0.000000 0.894611 0.000000 0.446845 0.425117 0.425117 0.425117
5881.592773 0.000000 415.895325 0.000000 0.668046 0.000000 0.744120 0.364339 0.364339 0.364339
5879.929688 0.000000 500.244781 0.000000 0.942292 0.000000 -0.334791 0.554759 0.554759 0.554759
5883.840332 0.000000 508.611328 0.000000 0.703225 0.000000 0.710967 0.372154 0.372154 0.372154
5873.651367 0.000000 508.283081 0.000000 0.074576 0.000000 -0.997215 0.739987 0.739987 0.739987
5834.662109 0.000000 485.698669 0.000000 0.667756 0.000000 -0.744381 0.634676 0.634676 0.634676
5854.223145 0.000000 476.150024 0.000000 0.427886 0.000000 0.903833 0.315440 0.315440 0.315440
5863.217285 0.000000 473.474335 0.000000 0.744546 0.000000 0.667572 0.381386 0.381386 0.381386
5854.005371 0.000000 483.699371 0.000000 0.890065 0.000000 0.455833 0.424080 0.424080 0.424080
5885.456543 0.000000 498.976837 0.000000 0.245638 0.000000 -0.969362 0.713803 0.713803 0.713803
5879.983398 0.000000 487.486877 0.000000 0.336451 0.000000 0.941701 0.302315 0.302315 0.302315
5858.384277 0.000000 473.499847 0.000000 0.512183 0.000000 0.858876 0.331713 0.331713 0.331713
5880.958984 0.000000 495.585541 0.000000 0.938135 0.000000 -0.346269 0.557159 0.557159 0.557159
5852.859375 0.000000 471.523804 0.000000 0.813913 0.000000 0.580988 0.399786 0.399786 0.399786
5860.576172 0.000000 476.930542 0.000000 0.293330 0.000000 0.956011 0.292614 0.292614 0.292614
5857.297852 0.000000 477.057709 0.000000 0.318637 0.000000 -0.947877 0.704611 0.704611 0.704611
5948.929199 0.000000 256.744019 0.000000 0.508265 0.000000 -0.861201 0.667734 0.667734 0.667734
5967.479492 0.000000 282.525085 0.000000 0.836485 0.000000 -0.547989 0.593751 0.593751 0.593751
5954.036133 0.000000 285.479675 0.000000 0.909309 0.000000 0.416122 0.430623 0.430623 0.430623
5905.362793 0.000000 372.366058 0.000000 0.713197 0.000000 0.700963 0.374922 0.374922 0.374922
6127.536621 0.000000 277.880829 0.000000 0.869612 0.000000 0.493736 0.417493 0.417493 0.417493
6125.395996 0.000000 286.223877 0.000000 0.921140 0.000000 -0.389232 0.564378 0.564378 0.564378
6134.629883 0.000000 276.463776 0.000000 0.947533 0.000000 -0.319657 0.552393 0.552393 0.552393
6132.777832 0.000000 286.160431 0.000000 0.915128 0.000000 0.403163 0.433437 0.433437 0.433437
6131.709961 0.000000 281.040009 0.000000 0.758883 0.000000 -0.651227 0.614643 0.614643 0.614643
6060.909180 0.000000 372.377136 0.000000 0.988731 0.000000 0.149703 0.475990 0.475990 0.475990
6075.816895 0.000000 380.642578 0.000000 0.865329 0.000000 0.501205 0.416117 0.416117 0.416117
6075.723633 0.000000 363.731323 0.000000 0.504425 0.000000 0.863455 0.333497 0.333497 0.333497
6067.939453 0.000000 366.241180 0.000000 0.933772 0.000000 -0.357869 0.559162 0.559162 0.559162
6077.433105 0.000000 371.008087 0.000000 0.999959 0.000000 -0.009038 0.501455 0.501455 0.501455
6079.759277 0.000000 371.038483 0.000000 0.819322 0.000000 0.573333 0.402063 0.402063 0.402063
6079.360352 0.000000 380.993469 0.000000 0.910462 0.000000 -0.413592 0.568661 0.568661 0.568661
6084.835938 0.000000 383.859558 0.000000 0.075546 0.000000 -0.997142 0.740765 0.740765 0.740765
5889.257324 0.000000 426.917633 0.000000 0.024904 0.000000 -0.999690 0.747001 0.747001 0.747001
5898.663086 0.000000 384.693115 0.000000 0.956124 0.000000 0.292962 0.452308 0.452308 0.452308
5887.654297 0.000000 387.199371 0.000000 0.988570 0.000000 -0.150763 0.524181 0.524181 0.524181
5896.957031 0.000000 394.151703 0.000000 0.908849 0.000000 -0.417126 0.568750 0.568750 0.568750
5894.069824 0.000000 388.593719 0.000000 0.996516 0.000000 0.083404 0.486502 0.486502 0.486502
5887.782715 0.000000 499.007233 0.000000 0.734127 0.000000 -0.679013 0.620194 0.620194 0.620194
5887.383789 0.000000 508.962219 0.000000 0.297205 0.000000 0.954814 0.295651 0.295651 0.295651
5991.595215 0.000000 509.831268 0.000000 0.868527 0.000000 -0.495642 0.583828 0.583828 0.583828
5982.588379 0.000000 503.824402 0.000000 0.458565 0.000000 -0.888661 0.676914 0.676914 0.676914
6028.693848 0.000000 440.354279 0.000000 0.901094 0.000000 -0.433625 0.571943 0.571943 0.571943
6086.046387 0.000000 388.593719 0.000000 0.990422 0.000000 -0.138074 0.522305 0.522305 0.522305
6043.633301 0.000000 455.555359 0.000000 0.999876 0.000000 0.015760 0.497472 0.497472 0.497472
6049.055176 0.000000 468.802582 0.000000 0.144345 0.000000 0.989527 0.272164 0.272164 0.272164
6026.638672 0.000000 485.698669 0.000000 0.238977 0.000000 0.971025 0.286746 0.286746 0.286746
6015.979980 0.000000 482.056274 0.000000 0.135110 0.000000 0.990831 0.268882 0.268882 0.268882
6031.471680 0.000000 474.478210 0.000000 0.934992 0.000000 -0.354668 0.558156 0.558156 0.558156
6046.199707 0.000000 476.150024 0.000000 0.815865 0.000000 0.578243 0.400330 0.400330 0.400330
6055.193848 0.000000 473.474335 0.000000 0.959458 0.000000 -0.281852 0.546188 0.546188 0.546188
6074.930664 0.000000 454.268158 0.000000 0.999189 0.000000 -0.040257 0.506459 0.506459 0.506459
6090.639648 0.000000 448.677490 0.000000 0.356934 0.000000 0.934130 0.306584 0.306584 0.306584
6088.933594 0.000000 458.136078 0.000000 0.385261 0.000000 0.922808 0.312211 0.312211 0.312211
6086.046387 0.000000 452.578094 0.000000 0.798169 0.000000 -0.602434 0.604515 0.604515 0.604515
5878.342773 0.000000 512.627258 0.000000 0.226774 0.000000 0.973947 0.283059 0.283059 0.283059
5866.274902 0.000000 519.821655 0.000000 0.386087 0.000000 0.922462 0.310888 0.310888 0.310888
5858.785156 0.000000 512.437500 0.000000 0.008797 0.000000 0.999961 0.249450 0.249450 0.249450
5858.812012 0.000000 523.019897 0.000000 0.735896 0.000000 -0.677095 0.619773 0.619773 0.619773
5852.062012 0.000000 527.185791 0.000000 0.718989 0.000000 -0.695021 0.623262 0.623262 0.623262
5870.839355 0.000000 513.303101 0.000000 0.843501 0.000000 -0.537127 0.591661 0.591661 0.591661
5864.724609 0.000000 513.946228 0.000000 0.631077 0.000000 0.775720 0.357031 0.357031 0.357031
5884.937012 0.000000 512.681519 0.000000 0.999998 0.000000 0.002044 0.499671 0.499671 0.499671
5887.654297 0.000000 515.168091 0.000000 0.380762 0.000000 0.924673 0.311432 0.311432 0.311432
6010.543457 0.000000 538.468018 0.000000 0.983096 0.000000 0.183091 0.470465 0.470465 0.470465
6012.703613 0.000000 532.698608 0.000000 0.810598 0.000000 -0.585603 0.601523 0.601523 0.601523
6013.440918 0.000000 562.961182 0.000000 0.009563 0.000000 0.999954 0.248599 0.248599 0.248599
6013.055176 0.000000 528.341003 0.000000 0.014827 0.000000 -0.999890 0.752496 0.752496 0.752496
5996.916992 0.000000 628.314636 0.000000 0.740872 0.000000 -0.671646 0.617666 0.617666 0.617666
6003.947266 0.000000 622.178650 0.000000 0.684246 0.000000 -0.729251 0.631596 0.631596 0.631596
6006.645508 0.000000 596.385681 0.000000 0.013965 0.000000 -0.999902 0.749721 0.749721 0.749721
6003.725586 0.000000 600.961914 0.000000 0.868241 0.000000 0.496143 0.416079 0.416079 0.416079
5999.516602 0.000000 624.058411 0.000000 0.298653 0.000000 0.954362 0.295104 0.295104 0.295104
6020.827637 0.000000 570.431030 0.000000 0.008405 0.000000 0.999965 0.250363 0.250363 0.250363
6046.580566 0.000000 567.808777 0.000000 0.688270 0.000000 0.725455 0.369802 0.369802 0.369802
6024.941406 0.000000 522.120483 0.000000 0.458693 0.000000 -0.888595 0.676891 0.676891 0.676891
6015.767090 0.000000 562.991577 0.000000 0.289618 0.000000 -0.957142 0.706424 0.706424 0.706424
6028.693848 0.000000 568.323059 0.000000 0.997851 0.000000 -0.065519 0.510517 0.510517 0.510517
6044.038574 0.000000 527.185791 0.000000 0.631778 0.000000 0.775150 0.356623 0.356623 0.356623
6054.217773 0.000000 564.263489 0.000000 0.109969 0.000000 -0.993935 0.735197 0.735197 0.735197
6033.347168 0.000000 564.319214 0.000000 0.051829 0.000000 -0.998656 0.745540 0.745540 0.745540
6027.124023 0.000000 527.303589 0.000000 0.462603 0.000000 0.886565 0.324502 0.324502 0.324502
6053.250000 0.000000 569.299866 0.000000 0.093199 0.000000 0.995647 0.261166 0.261166 0.261166
6020.177734 0.000000 565.295837 0.000000 0.460362 0.000000 -0.887731 0.676587 0.676587 0.676587
6143.352539 0.000000 189.040359 0.000000 0.992855 0.000000 0.119326 0.480739 0.480739 0.480739
6180.455078 0.000000 301.855133 0.000000 0.962747 0.000000 -0.270403 0.543749 0.543749 0.543749
6160.316895 0.000000 273.355072 0.000000 0.182809 0.000000 -0.983148 0.723337 0.723337 0.723337
6170.220215 0.000000 297.742981 0.000000 0.846029 0.000000 0.533138 0.410155 0.410155 0.410155
6152.925781 0.000000 266.182953 0.000000 0.156019 0.000000 0.987754 0.273168 0.273168 0.273168
6168.265625 0.000000 278.269684 0.000000 0.726510 0.000000 -0.687156 0.621516 0.621516 0.621516
6166.921387 0.000000 306.353058 0.000000 0.928138 0.000000 0.372236 0.438820 0.438820 0.438820
6162.889160 0.000000 264.961121 0.000000 0.115679 0.000000 0.993287 0.265728 0.265728 0.265728
6152.051758 0.000000 276.265594 0.000000 0.721907 0.000000 -0.691990 0.622587 0.622587 0.622587
6165.978027 0.000000 270.257202 0.000000 0.991510 0.000000 0.130032 0.478920 0.478920 0.478920
6165.315430 0.000000 300.560242 0.000000 0.764262 0.000000 -0.644906 0.612864 0.612864 0.612864
6166.731934 0.000000 261.240479 0.000000 0.676255 0.000000 -0.736668 0.633352 0.633352 0.633352
6167.539551 0.000000 265.861115 0.000000 0.949548 0.000000 -0.313621 0.551966 0.551966 0.551966
6169.503418 0.000000 302.322906 0.000000 0.223339 0.000000 0.974741 0.281649 0.281649 0.281649
6174.327637 0.000000 267.349854 0.000000 0.324733 0.000000 -0.945806 0.701233 0.701233 0.701233
6170.579102 0.000000 267.830139 0.000000 0.996283 0.000000 -0.086142 0.514158 0.514158 0.514158
"}
