object={
	name="tree_palm_generator_1_0"
	clamp_to_water_level=no
	render_under_water=no
	generated_content=yes
	layer="tree_high_layer"
	pdxmesh="tree_palm_01_a_mesh"
	count=895
	transform="2964.606934 0.000000 826.858765 0.000000 0.745101 0.000000 -0.666952 0.702042 0.702042 0.702042
2949.202393 0.000000 826.368530 0.000000 0.993417 0.000000 0.114551 0.698395 0.698395 0.698395
2957.068359 0.000000 824.260559 0.000000 0.396653 0.000000 -0.917968 0.706503 0.706503 0.706503
2972.145020 0.000000 830.785828 0.000000 0.796566 0.000000 -0.604551 0.716337 0.716337 0.716337
2954.002686 0.000000 829.510376 0.000000 0.686297 0.000000 0.727321 0.674951 0.674951 0.674951
2949.218506 0.000000 831.750183 0.000000 0.743036 0.000000 -0.669251 0.709226 0.709226 0.709226
2966.124023 0.000000 830.519958 0.000000 0.967506 0.000000 -0.252848 0.707505 0.707505 0.707505
2952.546631 0.000000 826.459229 0.000000 0.901756 0.000000 0.432246 0.686877 0.686877 0.686877
2950.893799 0.000000 829.109131 0.000000 0.295490 0.000000 -0.955346 0.739087 0.739087 0.739087
2991.918945 0.000000 853.740173 0.000000 0.668041 0.000000 -0.744124 0.716426 0.716426 0.716426
2972.007812 0.000000 839.461609 0.000000 0.244716 0.000000 0.969595 0.690748 0.690748 0.690748
2955.022461 0.000000 832.583740 0.000000 0.965388 0.000000 0.260816 0.696680 0.696680 0.696680
2986.625977 0.000000 839.743530 0.000000 0.926021 0.000000 0.377472 0.698918 0.698918 0.698918
2979.136719 0.000000 832.359375 0.000000 0.292168 0.000000 -0.956367 0.710689 0.710689 0.710689
2965.215332 0.000000 832.150879 0.000000 0.762241 0.000000 0.647293 0.690157 0.690157 0.690157
2985.182373 0.000000 848.209045 0.000000 0.645804 0.000000 0.763503 0.669637 0.669637 0.669637
2979.163574 0.000000 842.941772 0.000000 0.233474 0.000000 -0.972363 0.731733 0.731733 0.731733
2973.145264 0.000000 833.520508 0.000000 0.412912 0.000000 -0.910771 0.735222 0.735222 0.735222
2981.067871 0.000000 837.541016 0.000000 0.996312 0.000000 0.085806 0.697958 0.697958 0.697958
2986.848145 0.000000 853.576599 0.000000 0.716163 0.000000 0.697933 0.680560 0.680560 0.680560
2990.213623 0.000000 849.127686 0.000000 0.747868 0.000000 0.663848 0.690866 0.690866 0.690866
2976.335938 0.000000 837.842041 0.000000 0.797806 0.000000 -0.602914 0.721714 0.721714 0.721714
2983.875732 0.000000 843.831848 0.000000 0.281942 0.000000 0.959432 0.665867 0.665867 0.665867
2989.061523 0.000000 857.667053 0.000000 0.780373 0.000000 0.625314 0.683945 0.683945 0.683945
2993.340332 0.000000 860.180542 0.000000 0.337977 0.000000 -0.941154 0.723997 0.723997 0.723997
2969.099121 0.000000 833.459412 0.000000 0.595220 0.000000 0.803563 0.667381 0.667381 0.667381
2982.514893 0.000000 840.657166 0.000000 0.912907 0.000000 0.408168 0.687068 0.687068 0.687068
2978.621338 0.000000 835.502625 0.000000 0.702646 0.000000 -0.711540 0.718816 0.718816 0.718816
2992.181152 0.000000 856.953369 0.000000 0.139647 0.000000 -0.990201 0.750005 0.750005 0.750005
2987.350098 0.000000 850.473816 0.000000 0.583078 0.000000 -0.812416 0.733144 0.733144 0.733144
2978.838867 0.000000 839.683228 0.000000 0.990452 0.000000 -0.137859 0.704834 0.704834 0.704834
2863.934570 0.000000 917.724548 0.000000 0.094632 0.000000 -0.995512 0.704127 0.704127 0.704127
2874.067139 0.000000 909.306763 0.000000 0.321698 0.000000 -0.946842 0.708691 0.708691 0.708691
2855.584229 0.000000 921.364990 0.000000 0.503358 0.000000 0.864078 0.681038 0.681038 0.681038
2875.320801 0.000000 902.158752 0.000000 0.334758 0.000000 0.942304 0.689687 0.689687 0.689687
2868.540527 0.000000 903.084473 0.000000 0.082719 0.000000 0.996573 0.668796 0.668796 0.668796
2858.863770 0.000000 917.560974 0.000000 0.473527 0.000000 0.880779 0.675897 0.675897 0.675897
2850.751221 0.000000 921.390442 0.000000 0.631184 0.000000 0.775633 0.685107 0.685107 0.685107
2854.142822 0.000000 916.454773 0.000000 0.847655 0.000000 0.530548 0.688272 0.688272 0.688272
2877.670654 0.000000 906.049072 0.000000 0.057520 0.000000 -0.998344 0.733850 0.733850 0.733850
2866.665283 0.000000 905.953186 0.000000 0.751824 0.000000 0.659364 0.683895 0.683895 0.683895
2881.150879 0.000000 911.637695 0.000000 0.727819 0.000000 0.685769 0.697887 0.697887 0.697887
2902.622070 0.000000 927.213135 0.000000 0.913449 0.000000 0.406953 0.695898 0.695898 0.695898
2895.854492 0.000000 922.368835 0.000000 0.808915 0.000000 -0.587926 0.707908 0.707908 0.707908
2888.449951 0.000000 916.109375 0.000000 0.986311 0.000000 -0.164897 0.703011 0.703011 0.703011
2910.364502 0.000000 931.590027 0.000000 0.901359 0.000000 0.433072 0.689981 0.689981 0.689981
2881.966064 0.000000 905.243103 0.000000 0.853598 0.000000 0.520932 0.692339 0.692339 0.692339
2895.231934 0.000000 928.730164 0.000000 0.978973 0.000000 0.203988 0.697702 0.697702 0.697702
2890.820312 0.000000 920.852417 0.000000 0.194616 0.000000 -0.980879 0.730756 0.730756 0.730756
2907.217285 0.000000 928.031555 0.000000 0.279021 0.000000 -0.960285 0.725210 0.725210 0.725210
2892.254639 0.000000 925.415039 0.000000 0.580491 0.000000 -0.814267 0.721283 0.721283 0.721283
2915.662354 0.000000 932.921997 0.000000 0.675104 0.000000 0.737723 0.686080 0.686080 0.686080
2921.062500 0.000000 930.214294 0.000000 0.926950 0.000000 0.375186 0.694085 0.694085 0.694085
2899.197021 0.000000 929.908325 0.000000 0.465808 0.000000 -0.884886 0.724298 0.724298 0.724298
3063.250977 0.000000 922.939941 0.000000 0.983618 0.000000 0.180264 0.695946 0.695946 0.695946
4015.793945 0.000000 21.943317 0.000000 0.536217 0.000000 0.844080 0.695785 0.695785 0.695785
3995.882812 0.000000 7.664719 0.000000 0.999981 0.000000 0.006246 0.699991 0.699991 0.699991
4019.212646 0.000000 36.834393 0.000000 0.593335 0.000000 -0.804955 0.707848 0.707848 0.707848
4001.304932 0.000000 20.911964 0.000000 0.391885 0.000000 -0.920014 0.704899 0.704899 0.704899
4003.011719 0.000000 0.562499 0.000000 0.364836 0.000000 0.931072 0.683260 0.683260 0.683260
4009.057373 0.000000 16.412149 0.000000 0.728499 0.000000 0.685046 0.692614 0.692614 0.692614
4013.653564 0.000000 30.286385 0.000000 0.021816 0.000000 0.999762 0.684841 0.684841 0.684841
4003.038574 0.000000 11.144895 0.000000 0.814534 0.000000 0.580115 0.691348 0.691348 0.691348
4007.443604 0.000000 25.583717 0.000000 0.164283 0.000000 0.986413 0.686243 0.686243 0.686243
4028.785889 0.000000 36.151897 0.000000 0.619850 0.000000 -0.784720 0.707568 0.707568 0.707568
4024.209961 0.000000 39.596249 0.000000 0.415027 0.000000 0.909809 0.690414 0.690414 0.690414
4004.942871 0.000000 5.744119 0.000000 0.432625 0.000000 -0.901574 0.710994 0.710994 0.710994
4010.723145 0.000000 21.779697 0.000000 0.204082 0.000000 -0.978954 0.713361 0.713361 0.713361
4000.210938 0.000000 6.045165 0.000000 0.964721 0.000000 -0.263273 0.703352 0.703352 0.703352
4006.002197 0.000000 20.673540 0.000000 0.421213 0.000000 -0.906962 0.714294 0.714294 0.714294
4033.483887 0.000000 43.011372 0.000000 0.835171 0.000000 -0.549991 0.701628 0.701628 0.701628
4068.712891 0.000000 45.917629 0.000000 0.659653 0.000000 -0.751570 0.707134 0.707134 0.707134
4047.948975 0.000000 45.358074 0.000000 0.204441 0.000000 0.978879 0.696184 0.696184 0.696184
4058.477539 0.000000 41.805489 0.000000 0.021551 0.000000 0.999768 0.691336 0.691336 0.691336
4091.965576 0.000000 43.809448 0.000000 0.021526 0.000000 0.999768 0.687004 0.687004 0.687004
4042.880615 0.000000 37.808060 0.000000 0.374800 0.000000 0.927106 0.693364 0.693364 0.693364
4032.221924 0.000000 34.165665 0.000000 0.888245 0.000000 0.459370 0.697998 0.697998 0.697998
4077.397217 0.000000 43.300587 0.000000 0.186478 0.000000 0.982459 0.688397 0.688397 0.688397
4051.133301 0.000000 38.219299 0.000000 0.917763 0.000000 0.397129 0.697716 0.697716 0.697716
4036.760742 0.000000 38.032177 0.000000 0.411568 0.000000 0.911379 0.690382 0.690382 0.690382
4004.720703 0.000000 109.902008 0.000000 0.520451 0.000000 -0.853891 0.705723 0.705723 0.705723
3994.485352 0.000000 105.789864 0.000000 0.358686 0.000000 -0.933458 0.710099 0.710099 0.710099
4013.405029 0.000000 107.284958 0.000000 0.131268 0.000000 0.991347 0.687928 0.687928 0.687928
4007.363037 0.000000 103.423492 0.000000 0.441514 0.000000 0.897255 0.693773 0.693773 0.693773
3985.597168 0.000000 116.428558 0.000000 0.991342 0.000000 0.131306 0.698895 0.698895 0.698895
4001.183350 0.000000 104.852959 0.000000 0.796485 0.000000 0.604658 0.694553 0.694553 0.694553
4054.481445 0.000000 95.416229 0.000000 0.180726 0.000000 0.983533 0.688348 0.688348 0.688348
4083.204834 0.000000 100.818771 0.000000 0.999573 0.000000 0.029210 0.699796 0.699796 0.699796
4068.855957 0.000000 97.114807 0.000000 0.588524 0.000000 -0.808480 0.707898 0.707898 0.707898
4091.965576 0.000000 107.793823 0.000000 0.130846 0.000000 -0.991403 0.712076 0.712076 0.712076
4077.645752 0.000000 94.270760 0.000000 0.589823 0.000000 -0.807533 0.707885 0.707885 0.707885
4062.441650 0.000000 92.243767 0.000000 0.985890 0.000000 0.167393 0.698824 0.698824 0.698824
4088.202148 0.000000 103.580627 0.000000 0.581075 0.000000 -0.813850 0.707975 0.707975 0.707975
3995.882812 0.000000 135.633469 0.000000 0.468263 0.000000 0.883589 0.692426 0.692426 0.692426
4004.720703 0.000000 173.886383 0.000000 0.782550 0.000000 0.622587 0.699060 0.699060 0.699060
4004.863770 0.000000 161.099182 0.000000 0.987295 0.000000 -0.158896 0.700669 0.700669 0.700669
3998.830566 0.000000 183.902542 0.000000 0.001223 0.000000 -0.999999 0.713166 0.713166 0.713166
3998.449463 0.000000 156.228149 0.000000 0.613906 0.000000 -0.789379 0.705088 0.705088 0.705088
3996.288330 0.000000 143.279541 0.000000 0.678902 0.000000 -0.734228 0.706916 0.706916 0.706916
3998.231689 0.000000 163.777496 0.000000 0.640228 0.000000 0.768185 0.693876 0.693876 0.693876
3998.214600 0.000000 176.635895 0.000000 0.993209 0.000000 -0.116340 0.700815 0.700815 0.700815
4001.183350 0.000000 168.837341 0.000000 0.520998 0.000000 0.853558 0.691420 0.691420 0.691420
4001.766846 0.000000 189.121765 0.000000 0.972315 0.000000 -0.233674 0.701978 0.701978 0.701978
3990.997314 0.000000 133.271729 0.000000 0.834429 0.000000 0.551115 0.695104 0.695104 0.695104
4015.793945 0.000000 213.896439 0.000000 0.565221 0.000000 -0.824940 0.708138 0.708138 0.708138
4003.011719 0.000000 192.515625 0.000000 0.951466 0.000000 0.307755 0.697376 0.697376 0.697376
4009.057373 0.000000 208.365280 0.000000 0.795277 0.000000 0.606246 0.694536 0.694536 0.694536
4003.038574 0.000000 203.098022 0.000000 0.995398 0.000000 0.095832 0.699463 0.699463 0.699463
4028.785889 0.000000 228.105026 0.000000 0.116226 0.000000 -0.993223 0.714233 0.714233 0.714233
4021.035156 0.000000 222.176056 0.000000 0.710356 0.000000 -0.703842 0.706550 0.706550 0.706550
4004.942871 0.000000 197.697250 0.000000 0.992115 0.000000 0.125330 0.698946 0.698946 0.698946
4019.967285 0.000000 217.055634 0.000000 0.553567 0.000000 0.832804 0.691745 0.691745 0.691745
4025.819336 0.000000 223.942184 0.000000 0.489757 0.000000 -0.871859 0.713325 0.713325 0.713325
4088.148193 0.000000 244.307266 0.000000 0.981149 0.000000 -0.193255 0.701360 0.701360 0.701360
4071.829590 0.000000 253.893768 0.000000 0.643948 0.000000 0.765070 0.697564 0.697564 0.697564
4047.948975 0.000000 237.311203 0.000000 0.512449 0.000000 -0.858718 0.705775 0.705775 0.705775
4062.822754 0.000000 247.886917 0.000000 0.188995 0.000000 0.981978 0.688419 0.688419 0.688419
4077.151367 0.000000 244.408386 0.000000 0.151392 0.000000 -0.988474 0.709918 0.709918 0.709918
4040.069092 0.000000 241.821350 0.000000 0.077593 0.000000 0.996985 0.691650 0.691650 0.691650
4032.221924 0.000000 226.118790 0.000000 0.300883 0.000000 0.953661 0.692925 0.692925 0.692925
4055.178955 0.000000 242.368683 0.000000 0.989529 0.000000 0.144334 0.698785 0.698785 0.698785
4070.459961 0.000000 244.341614 0.000000 0.691531 0.000000 -0.722347 0.704514 0.704514 0.704514
4039.764893 0.000000 235.445587 0.000000 0.548085 0.000000 0.836423 0.691689 0.691689 0.691689
4082.683594 0.000000 246.518616 0.000000 0.309489 0.000000 0.950903 0.689463 0.689463 0.689463
3073.127441 0.000000 911.637695 0.000000 0.816931 0.000000 0.576735 0.699141 0.699141 0.699141
3073.601074 0.000000 938.792603 0.000000 0.948387 0.000000 0.317117 0.696391 0.696391 0.696391
3079.792236 0.000000 925.105652 0.000000 0.057513 0.000000 0.998345 0.697884 0.697884 0.697884
3082.997803 0.000000 933.589294 0.000000 0.029479 0.000000 -0.999565 0.715084 0.715084 0.715084
3095.296143 0.000000 946.196838 0.000000 0.511748 0.000000 0.859135 0.692775 0.692775 0.692775
3105.876221 0.000000 956.934265 0.000000 0.999983 0.000000 0.005815 0.699894 0.699894 0.699894
3075.882568 0.000000 943.142334 0.000000 0.043850 0.000000 0.999038 0.670113 0.670113 0.670113
3097.878418 0.000000 942.166687 0.000000 0.847535 0.000000 0.530739 0.687485 0.687485 0.687485
3084.231201 0.000000 925.415039 0.000000 0.872378 0.000000 -0.488832 0.711425 0.711425 0.711425
3091.398926 0.000000 944.119141 0.000000 0.937341 0.000000 0.348413 0.695025 0.695025 0.695025
3087.407471 0.000000 932.679688 0.000000 0.912253 0.000000 0.409628 0.691149 0.691149 0.691149
3077.113525 0.000000 914.103638 0.000000 0.936846 0.000000 0.349741 0.692008 0.692008 0.692008
3083.408447 0.000000 928.948669 0.000000 0.987233 0.000000 0.159286 0.697093 0.697093 0.697093
3106.532715 0.000000 951.478149 0.000000 0.959132 0.000000 0.282959 0.693984 0.693984 0.693984
3104.764893 0.000000 954.187195 0.000000 0.721283 0.000000 0.692640 0.679675 0.679675 0.679675
3130.894775 0.000000 986.358643 0.000000 0.824547 0.000000 -0.565794 0.707567 0.707567 0.707567
3121.384033 0.000000 973.247375 0.000000 0.588973 0.000000 -0.808153 0.703947 0.703947 0.703947
3113.166748 0.000000 976.177795 0.000000 0.432848 0.000000 -0.901467 0.721983 0.721983 0.721983
3125.737793 0.000000 975.546692 0.000000 0.119681 0.000000 0.992812 0.667546 0.667546 0.667546
3111.860107 0.000000 971.800598 0.000000 0.287936 0.000000 -0.957650 0.717877 0.717877 0.717877
2872.296631 0.000000 1076.104126 0.000000 0.801886 0.000000 0.597477 0.687466 0.687466 0.687466
2855.978027 0.000000 1085.690674 0.000000 0.505848 0.000000 -0.862623 0.723273 0.723273 0.723273
2876.114014 0.000000 1067.559448 0.000000 0.498631 0.000000 0.866815 0.695601 0.695601 0.695601
2844.160645 0.000000 1086.723267 0.000000 0.735370 0.000000 0.677665 0.694795 0.694795 0.694795
2860.603027 0.000000 1081.971680 0.000000 0.270149 0.000000 -0.962818 0.729018 0.729018 0.729018
2849.907471 0.000000 1084.903076 0.000000 0.683569 0.000000 0.729886 0.685130 0.685130 0.685130
2873.325928 0.000000 1071.444946 0.000000 0.976710 0.000000 -0.214565 0.704535 0.704535 0.704535
2900.614746 0.000000 1082.796265 0.000000 0.829436 0.000000 -0.558602 0.713258 0.713258 0.713258
2891.021240 0.000000 1061.558105 0.000000 0.648540 0.000000 0.761181 0.692743 0.692743 0.692743
2891.249023 0.000000 1065.330811 0.000000 0.346525 0.000000 0.938041 0.674480 0.674480 0.674480
2844.023438 0.000000 1095.399048 0.000000 0.572263 0.000000 -0.820070 0.713443 0.713443 0.713443
2851.152344 0.000000 1088.296875 0.000000 0.677566 0.000000 0.735462 0.688447 0.688447 0.688447
2845.160889 0.000000 1089.458008 0.000000 0.785738 0.000000 -0.618559 0.711189 0.711189 0.711189
2848.351562 0.000000 1093.779541 0.000000 0.814999 0.000000 -0.579462 0.708641 0.708641 0.708641
2846.733643 0.000000 1099.146729 0.000000 0.230131 0.000000 -0.973160 0.720586 0.720586 0.720586
2900.614746 0.000000 1146.780640 0.000000 0.573464 0.000000 -0.819231 0.702684 0.702684 0.702684
2931.345459 0.000000 1124.568726 0.000000 0.351636 0.000000 -0.936137 0.720325 0.720325 0.720325
2919.970215 0.000000 1149.675049 0.000000 0.750114 0.000000 0.661308 0.690908 0.690908 0.690908
2913.437744 0.000000 1108.646362 0.000000 0.851963 0.000000 -0.523601 0.710016 0.710016 0.710016
2901.223145 0.000000 1088.088379 0.000000 0.866855 0.000000 -0.498560 0.711675 0.711675 0.711675
2940.106201 0.000000 1131.543823 0.000000 0.989635 0.000000 -0.143605 0.701813 0.701813 0.701813
2925.786377 0.000000 1118.020752 0.000000 0.999490 0.000000 -0.031947 0.700447 0.700447 0.700447
2908.421143 0.000000 1103.045166 0.000000 0.668860 0.000000 0.743388 0.682424 0.682424 0.682424
2908.152832 0.000000 1150.707642 0.000000 0.697443 0.000000 0.716640 0.687713 0.687713 0.687713
2924.864258 0.000000 1124.123901 0.000000 0.033651 0.000000 0.999434 0.680659 0.680659 0.680659
2913.899658 0.000000 1148.887451 0.000000 0.977468 0.000000 -0.211082 0.704757 0.704757 0.704757
2903.130127 0.000000 1093.037354 0.000000 0.976156 0.000000 -0.217071 0.704895 0.704895 0.704895
2920.807373 0.000000 1117.889038 0.000000 0.826005 0.000000 0.563662 0.686605 0.686605 0.686605
2931.519287 0.000000 1129.440796 0.000000 0.992776 0.000000 0.119986 0.697982 0.697982 0.697982
2903.937988 0.000000 1097.657959 0.000000 0.661637 0.000000 -0.749824 0.716594 0.716594 0.716594
2904.844727 0.000000 1147.819092 0.000000 0.152506 0.000000 -0.988303 0.719820 0.719820 0.719820
2909.274414 0.000000 1107.148560 0.000000 0.863764 0.000000 0.503897 0.688187 0.688187 0.688187
2935.936768 0.000000 1131.492432 0.000000 0.289799 0.000000 -0.957087 0.724990 0.724990 0.724990
2900.012207 0.000000 1091.364990 0.000000 0.584434 0.000000 0.811441 0.680149 0.680149 0.680149
2957.068359 0.000000 1144.182373 0.000000 0.940338 0.000000 -0.340242 0.707766 0.707766 0.707766
2954.002686 0.000000 1149.432251 0.000000 0.564392 0.000000 0.825507 0.690496 0.690496 0.690496
2948.552246 0.000000 1141.155151 0.000000 0.891187 0.000000 0.453635 0.693417 0.693417 0.693417
2952.901611 0.000000 1142.560913 0.000000 0.999999 0.000000 -0.001044 0.700019 0.700019 0.700019
2957.261963 0.000000 1147.754395 0.000000 0.444823 0.000000 0.895619 0.675174 0.675174 0.675174
3068.184082 0.000000 1148.455078 0.000000 0.410066 0.000000 0.912056 0.675920 0.675920 0.675920
3057.994873 0.000000 1148.126831 0.000000 0.894791 0.000000 -0.446485 0.708412 0.708412 0.708412
3047.480225 0.000000 1127.173462 0.000000 0.738758 0.000000 -0.673971 0.708272 0.708272 0.708272
3052.579590 0.000000 1145.956055 0.000000 0.982771 0.000000 -0.184828 0.701559 0.701559 0.701559
3055.875732 0.000000 1135.933350 0.000000 0.899082 0.000000 -0.437780 0.710136 0.710136 0.710136
3040.719238 0.000000 1119.993774 0.000000 0.685591 0.000000 -0.727987 0.711400 0.711400 0.711400
3061.622070 0.000000 1149.800537 0.000000 0.974201 0.000000 -0.225683 0.704137 0.704137 0.704137
3051.434814 0.000000 1127.812988 0.000000 0.886988 0.000000 0.461792 0.689263 0.689263 0.689263
3056.908203 0.000000 1139.291016 0.000000 0.791728 0.000000 -0.610873 0.713781 0.713781 0.713781
3041.641357 0.000000 1116.901489 0.000000 0.736232 0.000000 -0.676729 0.716627 0.716627 0.716627
2938.059326 0.000000 1165.244263 0.000000 0.269523 0.000000 -0.962994 0.723589 0.723589 0.723589
2915.144531 0.000000 1152.281250 0.000000 0.937995 0.000000 0.346649 0.696041 0.696041 0.696041
2921.083496 0.000000 1153.789917 0.000000 0.808906 0.000000 -0.587938 0.713180 0.713180 0.713180
2941.429932 0.000000 1168.184814 0.000000 0.836040 0.000000 0.548669 0.691068 0.691068 0.691068
2934.344727 0.000000 1162.982544 0.000000 0.871237 0.000000 0.490863 0.688523 0.688523 0.688523
2930.868164 0.000000 1155.167969 0.000000 0.420161 0.000000 0.907450 0.679332 0.679332 0.679332
2972.007812 0.000000 1159.383423 0.000000 0.371185 0.000000 0.928559 0.673369 0.673369 0.673369
2955.022461 0.000000 1152.505615 0.000000 0.630495 0.000000 -0.776193 0.706212 0.706212 0.706212
2960.707275 0.000000 1169.136353 0.000000 0.511994 0.000000 -0.858989 0.701445 0.701445 0.701445
2963.279541 0.000000 1160.742310 0.000000 0.360571 0.000000 0.932732 0.673114 0.673114 0.673114
2979.163574 0.000000 1162.863647 0.000000 0.140288 0.000000 -0.990111 0.707997 0.707997 0.707997
2960.233643 0.000000 1155.473511 0.000000 0.954452 0.000000 -0.298363 0.702965 0.702965 0.702965
2958.380371 0.000000 1162.883789 0.000000 0.986175 0.000000 -0.165709 0.701629 0.701629 0.701629
2957.239014 0.000000 1172.502197 0.000000 0.959719 0.000000 0.280961 0.694824 0.694824 0.694824
2976.335938 0.000000 1157.763916 0.000000 0.538369 0.000000 -0.842709 0.712611 0.712611 0.712611
2967.930176 0.000000 1161.642334 0.000000 0.795725 0.000000 -0.605659 0.714553 0.714553 0.714553
2959.682861 0.000000 1159.274658 0.000000 0.590330 0.000000 0.807162 0.678988 0.678988 0.678988
2960.249268 0.000000 1174.738892 0.000000 0.961545 0.000000 -0.274649 0.706224 0.706224 0.706224
3062.686279 0.000000 1152.470947 0.000000 0.901306 0.000000 0.433184 0.689978 0.689978 0.689978
2570.049561 0.000000 1789.276001 0.000000 0.243085 0.000000 -0.970005 0.718528 0.718528 0.718528
2568.489014 0.000000 1811.890625 0.000000 0.646660 0.000000 0.762778 0.690296 0.690296 0.690296
2576.280518 0.000000 1795.317261 0.000000 0.135669 0.000000 -0.990754 0.722064 0.722064 0.722064
2574.427246 0.000000 1802.727539 0.000000 0.366308 0.000000 0.930493 0.678267 0.678267 0.678267
2562.032471 0.000000 1812.140869 0.000000 0.842164 0.000000 -0.539222 0.710351 0.710351 0.710351
3076.536621 0.000000 1077.170776 0.000000 0.792153 0.000000 -0.610322 0.710096 0.710096 0.710096
3075.882568 0.000000 1071.111084 0.000000 0.072290 0.000000 0.997384 0.674861 0.674861 0.674861
3137.593262 0.000000 1066.761353 0.000000 0.370400 0.000000 -0.928872 0.711659 0.711659 0.711659
3136.331299 0.000000 1057.915649 0.000000 0.883656 0.000000 0.468137 0.694551 0.694551 0.694551
3164.121582 0.000000 1086.723267 0.000000 0.882331 0.000000 -0.470629 0.708906 0.708906 0.708906
3143.874268 0.000000 1067.242432 0.000000 0.289824 0.000000 0.957080 0.691075 0.691075 0.691075
3140.870117 0.000000 1061.782227 0.000000 0.919554 0.000000 0.392963 0.697177 0.697177 0.697177
3142.441895 0.000000 1038.653564 0.000000 0.986912 0.000000 0.161258 0.696377 0.696377 0.696377
3140.528809 0.000000 1077.170776 0.000000 0.807940 0.000000 -0.589265 0.711453 0.711453 0.711453
3139.874756 0.000000 1071.111084 0.000000 0.954558 0.000000 0.298024 0.696615 0.696615 0.696615
3144.878174 0.000000 1078.576538 0.000000 0.983115 0.000000 0.182989 0.696398 0.696398 0.696398
3140.034180 0.000000 1056.767090 0.000000 0.930902 0.000000 0.365268 0.693204 0.693204 0.693204
3140.885986 0.000000 1065.424194 0.000000 0.999043 0.000000 -0.043750 0.700857 0.700857 0.700857
3077.186768 0.000000 1146.290405 0.000000 0.879565 0.000000 -0.475778 0.702080 0.702080 0.702080
3091.263916 0.000000 1096.757935 0.000000 0.973307 0.000000 0.229506 0.697410 0.697410 0.697410
3091.250488 0.000000 1125.953613 0.000000 0.000862 0.000000 1.000000 0.691221 0.691221 0.691221
3087.208496 0.000000 1120.683228 0.000000 0.389887 0.000000 0.920863 0.682002 0.682002 0.682002
3071.727295 0.000000 1148.806030 0.000000 0.868897 0.000000 0.494993 0.694208 0.694208 0.694208
3086.364746 0.000000 1098.899414 0.000000 0.998816 0.000000 -0.048655 0.700544 0.700544 0.700544
3083.728516 0.000000 1093.340698 0.000000 0.943152 0.000000 0.332361 0.696211 0.696211 0.696211
3086.993652 0.000000 1128.394287 0.000000 0.133081 0.000000 -0.991105 0.730142 0.730142 0.730142
3072.925293 0.000000 1144.280396 0.000000 0.978652 0.000000 -0.205524 0.704630 0.704630 0.704630
3090.000000 0.000000 1101.042480 0.000000 0.862126 0.000000 0.506693 0.688857 0.688857 0.688857
3087.667236 0.000000 1095.290283 0.000000 0.907072 0.000000 0.420974 0.690280 0.690280 0.690280
3087.407471 0.000000 1124.632812 0.000000 0.983933 0.000000 0.178538 0.695985 0.695985 0.695985
3165.121826 0.000000 1089.458008 0.000000 0.915051 0.000000 0.403338 0.690713 0.690713 0.690713
3092.591309 0.000000 1210.765015 0.000000 0.866330 0.000000 0.499472 0.678065 0.678065 0.678065
3123.322021 0.000000 1188.553101 0.000000 0.803587 0.000000 -0.595187 0.703565 0.703565 0.703565
3108.973145 0.000000 1184.849121 0.000000 0.325212 0.000000 -0.945641 0.713864 0.713864 0.713864
3095.296143 0.000000 1202.134277 0.000000 0.371892 0.000000 -0.928276 0.723287 0.723287 0.723287
3117.762939 0.000000 1182.005127 0.000000 0.770761 0.000000 0.637125 0.681651 0.681651 0.681651
3132.895264 0.000000 1187.870605 0.000000 0.463997 0.000000 0.885837 0.666527 0.666527 0.666527
3102.341064 0.000000 1187.527466 0.000000 0.210455 0.000000 0.977604 0.677204 0.677204 0.677204
3102.323975 0.000000 1200.385864 0.000000 0.223927 0.000000 -0.974606 0.715043 0.715043 0.715043
3116.840820 0.000000 1188.108276 0.000000 0.101331 0.000000 -0.994853 0.716433 0.716433 0.716433
3093.689941 0.000000 1196.341553 0.000000 0.801215 0.000000 -0.598377 0.722421 0.722421 0.722421
3097.032227 0.000000 1188.449463 0.000000 0.901316 0.000000 -0.433162 0.730064 0.730064 0.730064
3129.928711 0.000000 1183.707764 0.000000 0.844172 0.000000 -0.536072 0.706328 0.706328 0.706328
3112.783936 0.000000 1181.873413 0.000000 0.248870 0.000000 0.968537 0.642822 0.642822 0.642822
3121.526367 0.000000 1184.404663 0.000000 0.768185 0.000000 -0.640228 0.712628 0.712628 0.712628
3102.351562 0.000000 1195.912842 0.000000 0.828708 0.000000 -0.559681 0.709135 0.709135 0.709135
3104.711426 0.000000 1183.978149 0.000000 0.646103 0.000000 -0.763250 0.731563 0.731563 0.731563
3093.395752 0.000000 1206.064819 0.000000 0.812884 0.000000 0.582425 0.673055 0.673055 0.673055
3108.912109 0.000000 1180.758667 0.000000 0.078701 0.000000 -0.996898 0.747976 0.747976 0.747976
3094.634277 0.000000 1192.258057 0.000000 0.977655 0.000000 0.210217 0.692893 0.692893 0.692893
3094.108398 0.000000 1214.426147 0.000000 0.918135 0.000000 -0.396268 0.710253 0.710253 0.710253
3124.541504 0.000000 1185.531738 0.000000 0.967578 0.000000 -0.252573 0.709995 0.709995 0.709995
3133.212402 0.000000 1184.801025 0.000000 0.771441 0.000000 0.636300 0.678787 0.678787 0.678787
3092.413818 0.000000 1202.886841 0.000000 0.273492 0.000000 0.961874 0.647545 0.647545 0.647545
3099.919189 0.000000 1189.050049 0.000000 0.448833 0.000000 0.893616 0.667548 0.667548 0.667548
3127.150635 0.000000 1184.124268 0.000000 0.863805 0.000000 0.503826 0.675639 0.675639 0.675639
3099.935059 0.000000 1186.434692 0.000000 0.988386 0.000000 -0.151962 0.705545 0.705545 0.705545
3107.165283 0.000000 1182.962280 0.000000 0.792384 0.000000 0.610023 0.672482 0.672482 0.672482
3120.144531 0.000000 1182.294922 0.000000 0.680378 0.000000 0.732862 0.665502 0.665502 0.665502
3095.013428 0.000000 1190.013062 0.000000 0.999741 0.000000 0.022741 0.698506 0.698506 0.698506
3137.593262 0.000000 1194.730103 0.000000 0.308033 0.000000 0.951376 0.687692 0.687692 0.687692
3141.178955 0.000000 1210.274780 0.000000 0.520030 0.000000 0.854148 0.698569 0.698569 0.698569
3136.331299 0.000000 1185.884399 0.000000 0.439204 0.000000 0.898387 0.667232 0.667232 0.667232
3143.874268 0.000000 1195.211182 0.000000 0.966728 0.000000 0.255807 0.697468 0.697468 0.697468
3153.698730 0.000000 1204.162964 0.000000 0.622849 0.000000 0.782342 0.691208 0.691208 0.691208
3105.414307 0.000000 1236.615112 0.000000 0.564146 0.000000 0.825675 0.666048 0.666048 0.666048
3107.121094 0.000000 1216.265625 0.000000 0.356069 0.000000 0.934460 0.694939 0.694939 0.694939
3093.199707 0.000000 1216.057129 0.000000 0.792272 0.000000 0.610168 0.682567 0.682567 0.682567
3117.762939 0.000000 1245.989502 0.000000 0.094906 0.000000 0.995486 0.673178 0.673178 0.673178
3111.552979 0.000000 1241.286865 0.000000 0.940035 0.000000 0.341079 0.688808 0.688808 0.688808
3100.397705 0.000000 1231.013916 0.000000 0.095360 0.000000 0.995443 0.623685 0.623685 0.623685
3101.129639 0.000000 1217.426758 0.000000 0.761938 0.000000 -0.647650 0.708864 0.708864 0.708864
3095.914551 0.000000 1225.626709 0.000000 0.115696 0.000000 0.993285 0.671524 0.671524 0.671524
3097.083496 0.000000 1217.365601 0.000000 0.319166 0.000000 0.947699 0.677355 0.677355 0.677355
3114.202393 0.000000 1243.139404 0.000000 0.387103 0.000000 -0.922037 0.749211 0.749211 0.749211
3109.245605 0.000000 1239.301392 0.000000 0.978496 0.000000 0.206266 0.690705 0.690705 0.690705
3102.348145 0.000000 1232.848633 0.000000 0.098113 0.000000 0.995175 0.619711 0.619711 0.619711
3152.683838 0.000000 1233.120728 0.000000 0.923702 0.000000 0.383113 0.696702 0.696702 0.696702
3155.256104 0.000000 1224.726685 0.000000 0.107711 0.000000 0.994182 0.691819 0.691819 0.691819
3571.267334 0.000000 1316.521851 0.000000 0.517482 0.000000 -0.855694 0.701436 0.701436 0.701436
3559.892090 0.000000 1341.628174 0.000000 0.851427 0.000000 -0.524474 0.703087 0.703087 0.703087
3550.885254 0.000000 1335.621338 0.000000 0.812425 0.000000 0.583066 0.694778 0.694778 0.694778
3565.213867 0.000000 1332.142822 0.000000 0.973938 0.000000 -0.226813 0.701599 0.701599 0.701599
3580.028076 0.000000 1323.496948 0.000000 0.373592 0.000000 -0.927593 0.704982 0.704982 0.704982
3565.459717 0.000000 1322.988037 0.000000 0.398088 0.000000 -0.917347 0.706495 0.706495 0.706495
3548.074707 0.000000 1342.660767 0.000000 0.710514 0.000000 0.703683 0.690178 0.690178 0.690178
3558.522461 0.000000 1332.076050 0.000000 0.417223 0.000000 0.908804 0.692028 0.692028 0.692028
3576.264648 0.000000 1319.283691 0.000000 0.718200 0.000000 0.695837 0.684937 0.684937 0.684937
3553.821533 0.000000 1340.840576 0.000000 0.624782 0.000000 -0.780799 0.713778 0.713778 0.713778
3557.554443 0.000000 1337.112305 0.000000 0.770079 0.000000 -0.637948 0.707738 0.707738 0.707738
3571.441162 0.000000 1321.393921 0.000000 0.815343 0.000000 -0.578978 0.707769 0.707769 0.707769
3581.880859 0.000000 1319.832642 0.000000 0.461792 0.000000 -0.886988 0.721350 0.721350 0.721350
3575.858643 0.000000 1323.445557 0.000000 0.321263 0.000000 0.946990 0.672179 0.672179 0.672179
3516.035889 0.000000 1387.481323 0.000000 0.932208 0.000000 0.361922 0.696376 0.696376 0.696376
3547.937500 0.000000 1351.336548 0.000000 0.967549 0.000000 -0.252684 0.700357 0.700357 0.700357
3521.546387 0.000000 1386.683228 0.000000 0.866859 0.000000 -0.498553 0.702189 0.702189 0.702189
3536.636963 0.000000 1361.089478 0.000000 0.999346 0.000000 0.036146 0.699949 0.699949 0.699949
3527.737549 0.000000 1372.996338 0.000000 0.983186 0.000000 0.182609 0.697946 0.697946 0.697946
3555.066406 0.000000 1344.234375 0.000000 0.858298 0.000000 0.513152 0.698493 0.698493 0.698493
3541.145020 0.000000 1344.025879 0.000000 0.766851 0.000000 0.641825 0.697077 0.697077 0.697077
3520.284424 0.000000 1377.837524 0.000000 0.047431 0.000000 -0.998875 0.706389 0.706389 0.706389
3539.209229 0.000000 1352.695435 0.000000 0.137289 0.000000 0.990531 0.691986 0.691986 0.691986
3528.371826 0.000000 1364.000000 0.000000 0.036807 0.000000 0.999322 0.689277 0.689277 0.689277
3543.052002 0.000000 1348.974854 0.000000 0.004823 0.000000 0.999988 0.686864 0.686864 0.686864
3697.916748 0.000000 1276.095581 0.000000 0.999479 0.000000 0.032268 0.699865 0.699865 0.699865
3700.228271 0.000000 1262.022461 0.000000 0.989718 0.000000 0.143034 0.698997 0.698997 0.698997
3698.730469 0.000000 1270.268677 0.000000 0.999999 0.000000 0.001377 0.699987 0.699987 0.699987
3717.108643 0.000000 1274.259155 0.000000 0.983078 0.000000 0.183186 0.699485 0.699485 0.699485
3720.108154 0.000000 1265.571289 0.000000 0.515215 0.000000 -0.857061 0.711515 0.711515 0.711515
3712.260986 0.000000 1249.868774 0.000000 0.341051 0.000000 -0.940045 0.713676 0.713676 0.713676
3724.974609 0.000000 1272.151123 0.000000 0.502561 0.000000 0.864542 0.691240 0.691240 0.691240
3719.803955 0.000000 1259.195557 0.000000 0.275445 0.000000 0.961317 0.689164 0.689164 0.689164
3716.799805 0.000000 1253.735352 0.000000 0.279748 0.000000 0.960073 0.687402 0.687402 0.687402
3721.908936 0.000000 1277.401001 0.000000 0.999996 0.000000 0.002902 0.699955 0.699955 0.699955
3720.807861 0.000000 1270.529663 0.000000 0.999359 0.000000 0.035808 0.699549 0.699549 0.699549
3584.276611 0.000000 1313.853149 0.000000 0.940662 0.000000 -0.339345 0.701936 0.701936 0.701936
3603.187988 0.000000 1317.906738 0.000000 0.283755 0.000000 0.958897 0.691031 0.691031 0.691031
3588.815430 0.000000 1317.719727 0.000000 0.332535 0.000000 -0.943091 0.712055 0.712055 0.712055
3583.596680 0.000000 1318.488647 0.000000 0.513087 0.000000 0.858337 0.682686 0.682686 0.682686
3695.833008 0.000000 1301.630859 0.000000 0.639986 0.000000 0.768386 0.696325 0.696325 0.696325
3687.876465 0.000000 1341.628174 0.000000 0.753273 0.000000 -0.657709 0.707024 0.707024 0.707024
3708.105957 0.000000 1340.408203 0.000000 0.716946 0.000000 0.697129 0.694608 0.694608 0.694608
3708.012451 0.000000 1323.496948 0.000000 0.971612 0.000000 0.236581 0.697663 0.697663 0.697663
3693.692627 0.000000 1309.973877 0.000000 0.695647 0.000000 -0.718384 0.703362 0.703362 0.703362
3610.532227 0.000000 1385.477417 0.000000 0.871175 0.000000 -0.490972 0.702870 0.702870 0.702870
3614.877441 0.000000 1399.605713 0.000000 0.381492 0.000000 -0.924372 0.706595 0.706595 0.706595
3614.261475 0.000000 1392.338989 0.000000 0.184997 0.000000 -0.982739 0.715487 0.715487 0.715487
3670.528320 0.000000 1375.103760 0.000000 0.041940 0.000000 -0.999120 0.706412 0.706412 0.706412
3684.759766 0.000000 1389.589478 0.000000 0.448735 0.000000 0.893665 0.695364 0.695364 0.695364
3653.116455 0.000000 1402.227905 0.000000 0.996888 0.000000 -0.078829 0.700221 0.700221 0.700221
3663.995850 0.000000 1389.029907 0.000000 0.674244 0.000000 0.738508 0.696515 0.696515 0.696515
3678.869629 0.000000 1399.605713 0.000000 0.282776 0.000000 0.959186 0.689228 0.689228 0.689228
3656.115967 0.000000 1393.540039 0.000000 0.884971 0.000000 -0.465647 0.702031 0.702031 0.702031
3672.570068 0.000000 1366.004028 0.000000 0.124800 0.000000 0.992182 0.693937 0.693937 0.693937
3689.096436 0.000000 1360.083984 0.000000 0.953397 0.000000 0.301718 0.698714 0.698714 0.698714
3693.692627 0.000000 1373.958252 0.000000 0.984948 0.000000 0.172850 0.699271 0.699271 0.699271
3687.482666 0.000000 1369.255615 0.000000 0.011271 0.000000 0.999936 0.689098 0.689098 0.689098
3676.327393 0.000000 1358.982666 0.000000 0.185341 0.000000 -0.982674 0.713548 0.713548 0.713548
3702.926514 0.000000 1364.198120 0.000000 0.692575 0.000000 0.721346 0.693241 0.693241 0.693241
3663.138184 0.000000 1376.620728 0.000000 0.987902 0.000000 -0.155082 0.701088 0.701088 0.701088
3681.222412 0.000000 1384.540405 0.000000 0.860798 0.000000 0.508947 0.695521 0.695521 0.695521
3657.916748 0.000000 1405.369751 0.000000 0.925659 0.000000 -0.378359 0.703255 0.703255 0.703255
3713.049316 0.000000 1295.543945 0.000000 0.257346 0.000000 -0.966319 0.709161 0.709161 0.709161
3713.522949 0.000000 1322.698853 0.000000 0.537187 0.000000 0.843463 0.697194 0.697194 0.697194
3722.928711 0.000000 1280.474365 0.000000 0.266811 0.000000 0.963749 0.685452 0.685452 0.685452
3721.222412 0.000000 1289.932983 0.000000 0.446601 0.000000 0.894733 0.686061 0.686061 0.686061
3711.777588 0.000000 1304.566040 0.000000 0.158751 0.000000 0.987319 0.690134 0.690134 0.690134
3713.864502 0.000000 1289.149292 0.000000 0.183438 0.000000 0.983031 0.686433 0.686433 0.686433
3711.649170 0.000000 1340.759155 0.000000 0.873186 0.000000 -0.487387 0.705694 0.705694 0.705694
3718.335449 0.000000 1284.375000 0.000000 0.803692 0.000000 -0.595045 0.708910 0.708910 0.708910
3716.908203 0.000000 1304.013916 0.000000 0.689658 0.000000 0.724136 0.692075 0.692075 0.692075
3723.650391 0.000000 1285.293823 0.000000 0.788558 0.000000 0.614960 0.689814 0.689814 0.689814
3713.891846 0.000000 1300.265869 0.000000 0.747816 0.000000 -0.663906 0.708120 0.708120 0.708120
3620.767578 0.000000 1453.573853 0.000000 0.516126 0.000000 0.856513 0.695686 0.695686 0.695686
3617.351807 0.000000 1428.568237 0.000000 0.123073 0.000000 0.992398 0.695953 0.695953 0.695953
3641.973389 0.000000 1421.181763 0.000000 0.538906 0.000000 0.842366 0.697199 0.697199 0.697199
3619.058594 0.000000 1408.218750 0.000000 0.570782 0.000000 -0.821102 0.706734 0.706734 0.706734
3644.020264 0.000000 1451.465698 0.000000 0.841893 0.000000 0.539645 0.692031 0.692031 0.692031
3629.451904 0.000000 1450.956787 0.000000 0.364367 0.000000 0.931256 0.691627 0.691627 0.691627
3629.700439 0.000000 1437.942627 0.000000 0.755076 0.000000 -0.655638 0.706998 0.706998 0.706998
3614.496338 0.000000 1435.915649 0.000000 0.990867 0.000000 0.134841 0.698865 0.698865 0.698865
3619.085449 0.000000 1418.801147 0.000000 0.881141 0.000000 0.472854 0.695868 0.695868 0.695868
3636.236084 0.000000 1453.975586 0.000000 0.424872 0.000000 -0.905254 0.706330 0.706330 0.706330
3623.409912 0.000000 1447.095337 0.000000 0.931345 0.000000 -0.364139 0.702084 0.702084 0.702084
3644.992432 0.000000 1428.479858 0.000000 0.749255 0.000000 -0.662282 0.707084 0.707084 0.707084
3620.989746 0.000000 1413.400391 0.000000 0.751331 0.000000 0.659925 0.686901 0.686901 0.686901
3649.530762 0.000000 1450.667603 0.000000 0.606525 0.000000 -0.795064 0.707710 0.707710 0.707710
3664.621338 0.000000 1425.073853 0.000000 0.846174 0.000000 -0.532907 0.704715 0.704715 0.704715
3667.193604 0.000000 1416.679810 0.000000 0.941402 0.000000 -0.337287 0.701443 0.701443 0.701443
3652.807617 0.000000 1445.688477 0.000000 0.510576 0.000000 -0.859832 0.707235 0.707235 0.707235
3661.153076 0.000000 1428.439697 0.000000 0.090018 0.000000 0.995940 0.683440 0.683440 0.683440
325.522491 0.000000 2425.977783 0.000000 0.378977 0.000000 -0.925406 1.121429 1.121429 1.121429
330.322662 0.000000 2429.119873 0.000000 0.759247 0.000000 0.650802 0.599937 0.599937 0.599937
328.866760 0.000000 2426.068604 0.000000 0.180304 0.000000 -0.983611 1.032187 1.032187 1.032187
327.213928 0.000000 2428.718506 0.000000 0.554427 0.000000 0.832232 0.491081 0.491081 0.491081
323.806549 0.000000 2423.303955 0.000000 0.143858 0.000000 0.989598 0.191465 0.191465 0.191465
328.539612 0.000000 2430.520264 0.000000 0.999997 0.000000 -0.002516 0.700682 0.700682 0.700682
323.590088 0.000000 2425.341553 0.000000 0.902435 0.000000 0.430825 0.630257 0.630257 0.630257
328.893982 0.000000 2427.928955 0.000000 0.648972 0.000000 -0.760812 0.906691 0.906691 0.906691
327.186646 0.000000 2426.732178 0.000000 0.997884 0.000000 0.065016 0.681080 0.681080 0.681080
331.404419 0.000000 2430.442383 0.000000 0.115427 0.000000 -0.993316 1.045838 1.045838 1.045838
325.134003 0.000000 2424.339355 0.000000 0.524642 0.000000 -0.851323 1.063103 1.063103 1.063103
327.140991 0.000000 2431.266113 0.000000 0.607240 0.000000 0.794518 0.587032 0.587032 0.587032
326.779541 0.000000 2424.914551 0.000000 0.396329 0.000000 0.918108 0.395873 0.395873 0.395873
325.181061 0.000000 2422.360352 0.000000 0.809516 0.000000 0.587097 0.476303 0.476303 0.476303
322.167542 0.000000 2422.644043 0.000000 0.085516 0.000000 0.996337 0.170524 0.170524 0.170524
329.988586 0.000000 2430.855225 0.000000 0.981791 0.000000 0.189966 0.648162 0.648162 0.648162
322.650879 0.000000 2424.218750 0.000000 0.927253 0.000000 0.374437 0.639905 0.639905 0.639905
328.514862 0.000000 2429.193848 0.000000 0.805463 0.000000 0.592646 0.554557 0.554557 0.554557
327.360229 0.000000 2429.980469 0.000000 0.997091 0.000000 -0.076218 0.716212 0.716212 0.716212
329.897400 0.000000 2427.122559 0.000000 0.527044 0.000000 0.849838 0.457183 0.457183 0.457183
326.481079 0.000000 2427.777832 0.000000 0.407027 0.000000 -0.913416 1.034883 1.034883 1.034883
327.737244 0.000000 2425.666748 0.000000 0.512785 0.000000 -0.858517 0.969902 0.969902 0.969902
331.342529 0.000000 2432.193115 0.000000 0.999768 0.000000 0.021547 0.693583 0.693583 0.693583
328.044830 0.000000 2432.744141 0.000000 0.537356 0.000000 0.843356 0.357678 0.357678 0.357678
329.834473 0.000000 2433.410645 0.000000 0.673935 0.000000 -0.738791 0.983571 0.983571 0.983571
329.181305 0.000000 2431.547852 0.000000 0.149895 0.000000 0.988702 0.314770 0.314770 0.314770
327.109192 0.000000 2431.437012 0.000000 0.968344 0.000000 -0.249620 0.731039 0.731039 0.731039
331.696838 0.000000 2433.342529 0.000000 0.943296 0.000000 -0.331952 0.800763 0.800763 0.800763
330.172729 0.000000 2432.288818 0.000000 0.982644 0.000000 -0.185500 0.755561 0.755561 0.755561
4097.476074 0.000000 43.011372 0.000000 0.179270 0.000000 -0.983800 0.709720 0.709720 0.709720
4132.705078 0.000000 45.917629 0.000000 0.999685 0.000000 -0.025095 0.700211 0.700211 0.700211
4111.940918 0.000000 45.358074 0.000000 0.047008 0.000000 -0.998895 0.710652 0.710652 0.710652
4122.469727 0.000000 41.805489 0.000000 0.992520 0.000000 0.122084 0.699316 0.699316 0.699316
4141.143555 0.000000 52.455265 0.000000 0.917895 0.000000 0.396823 0.696577 0.696577 0.696577
4156.051270 0.000000 60.720715 0.000000 0.738949 0.000000 -0.673761 0.706201 0.706201 0.706201
4103.757324 0.000000 43.492470 0.000000 0.334516 0.000000 -0.942390 0.710315 0.710315 0.710315
4146.675781 0.000000 54.565498 0.000000 0.935691 0.000000 0.352822 0.696975 0.696975 0.696975
4100.752930 0.000000 38.032177 0.000000 0.955227 0.000000 -0.295874 0.702100 0.702100 0.702100
4159.594727 0.000000 61.071609 0.000000 0.371125 0.000000 0.928583 0.691677 0.691677 0.691677
4097.476074 0.000000 106.995743 0.000000 0.835308 0.000000 -0.549782 0.701628 0.701628 0.701628
4150.553223 0.000000 64.736610 0.000000 0.997472 0.000000 0.071066 0.699901 0.699901 0.699901
4101.061523 0.000000 122.540398 0.000000 0.930810 0.000000 -0.365504 0.700523 0.700523 0.700523
4096.000977 0.000000 115.100983 0.000000 0.341044 0.000000 0.940047 0.689743 0.689743 0.689743
4108.927734 0.000000 120.432404 0.000000 0.986902 0.000000 -0.161323 0.701133 0.701133 0.701133
4111.873047 0.000000 126.125809 0.000000 0.717176 0.000000 0.696892 0.693532 0.693532 0.693532
4180.458496 0.000000 123.030647 0.000000 0.132907 0.000000 0.991129 0.691961 0.691961 0.691961
4167.659668 0.000000 93.308792 0.000000 0.471632 0.000000 0.881795 0.698491 0.698491 0.698491
4159.865234 0.000000 67.277496 0.000000 0.671508 0.000000 -0.740997 0.705834 0.705834 0.705834
4169.167969 0.000000 74.229836 0.000000 0.585732 0.000000 -0.810505 0.705285 0.705285 0.705285
4183.163574 0.000000 114.399940 0.000000 0.536017 0.000000 0.844207 0.691569 0.691569 0.691569
4175.698242 0.000000 90.571976 0.000000 0.945683 0.000000 -0.325090 0.701852 0.701852 0.701852
4168.293945 0.000000 84.312469 0.000000 0.429516 0.000000 0.903059 0.690548 0.690548 0.690548
4179.117676 0.000000 102.203674 0.000000 0.797140 0.000000 -0.603794 0.705438 0.705438 0.705438
4187.997070 0.000000 126.957695 0.000000 0.845817 0.000000 -0.533473 0.703147 0.703147 0.703147
4175.075684 0.000000 96.933266 0.000000 0.959306 0.000000 0.282369 0.697599 0.697599 0.697599
4185.197266 0.000000 119.776230 0.000000 0.912686 0.000000 0.408662 0.696469 0.696469 0.696469
4181.557617 0.000000 108.607117 0.000000 0.925900 0.000000 -0.377769 0.703250 0.703250 0.703250
4143.778320 0.000000 149.912064 0.000000 0.435668 0.000000 0.900108 0.696868 0.696868 0.696868
4123.867188 0.000000 135.633469 0.000000 0.467915 0.000000 0.883774 0.696969 0.696969 0.696969
4106.881836 0.000000 128.755630 0.000000 0.519461 0.000000 -0.854494 0.701432 0.701432 0.701432
4129.289551 0.000000 148.880707 0.000000 0.395077 0.000000 -0.918648 0.704885 0.704885 0.704885
4117.074707 0.000000 128.322769 0.000000 0.849502 0.000000 -0.527586 0.703108 0.703108 0.703108
4115.139160 0.000000 136.992355 0.000000 0.850805 0.000000 -0.525482 0.703094 0.703094 0.703094
4137.041992 0.000000 144.380905 0.000000 0.972756 0.000000 -0.231831 0.701308 0.701308 0.701308
4124.272949 0.000000 143.279541 0.000000 0.711919 0.000000 -0.702261 0.706531 0.706531 0.706531
4150.872070 0.000000 148.495026 0.000000 0.436811 0.000000 0.899553 0.690616 0.690616 0.690616
4156.930176 0.000000 148.792358 0.000000 0.227545 0.000000 0.973767 0.688749 0.688749 0.688749
4112.092773 0.000000 131.723480 0.000000 0.949653 0.000000 -0.313304 0.702673 0.702673 0.702673
4160.994629 0.000000 143.825195 0.000000 0.343419 0.000000 -0.939182 0.701706 0.701706 0.701706
4169.167969 0.000000 138.214218 0.000000 0.951790 0.000000 0.306751 0.697821 0.697821 0.697821
4181.066895 0.000000 128.322769 0.000000 0.949152 0.000000 -0.314820 0.702239 0.702239 0.702239
4179.131348 0.000000 136.992355 0.000000 0.984900 0.000000 0.173122 0.699027 0.699027 0.699027
4118.473633 0.000000 223.384979 0.000000 0.176046 0.000000 0.984382 0.698051 0.698051 0.698051
4097.476074 0.000000 234.964493 0.000000 0.489223 0.000000 -0.872159 0.707407 0.707407 0.707407
4147.197266 0.000000 228.787521 0.000000 0.979571 0.000000 -0.201098 0.700283 0.700283 0.700283
4132.848145 0.000000 225.083557 0.000000 0.418503 0.000000 0.908215 0.690446 0.690446 0.690446
4156.770020 0.000000 228.105026 0.000000 0.974463 0.000000 0.224550 0.698100 0.698100 0.698100
4115.125488 0.000000 230.172424 0.000000 0.969764 0.000000 -0.244045 0.702068 0.702068 0.702068
4126.215820 0.000000 227.761871 0.000000 0.805272 0.000000 -0.592905 0.705324 0.705324 0.705324
4149.019531 0.000000 222.176056 0.000000 0.621913 0.000000 0.783087 0.692454 0.692454 0.692454
4103.757324 0.000000 235.445587 0.000000 0.515081 0.000000 0.857141 0.691363 0.691363 0.691363
4180.458496 0.000000 250.999390 0.000000 0.740189 0.000000 0.672399 0.695876 0.695876 0.695876
4161.468262 0.000000 234.964493 0.000000 0.983543 0.000000 -0.180676 0.701016 0.701016 0.701016
4175.933594 0.000000 237.311203 0.000000 0.865949 0.000000 -0.500132 0.702197 0.702197 0.702197
4168.053711 0.000000 241.821350 0.000000 0.716073 0.000000 -0.698026 0.704321 0.704321 0.704321
4160.206543 0.000000 226.118790 0.000000 0.880844 0.000000 -0.473406 0.702068 0.702068 0.702068
4183.163574 0.000000 242.368683 0.000000 0.983939 0.000000 -0.178506 0.701004 0.701004 0.701004
4187.997070 0.000000 254.926453 0.000000 0.023774 0.000000 -0.999717 0.715140 0.715140 0.715140
4167.749512 0.000000 235.445587 0.000000 0.802190 0.000000 0.597069 0.694633 0.694633 0.694633
4177.573730 0.000000 244.397308 0.000000 0.469641 0.000000 -0.882858 0.707563 0.707563 0.707563
4185.197266 0.000000 247.744980 0.000000 0.425409 0.000000 -0.905001 0.712654 0.712654 0.712654
4180.458496 0.000000 314.983765 0.000000 0.302868 0.000000 0.953032 0.689405 0.689405 0.689405
4182.466309 0.000000 287.369354 0.000000 0.078625 0.000000 0.996904 0.695828 0.695828 0.695828
4187.859863 0.000000 263.602234 0.000000 0.613837 0.000000 0.789433 0.697456 0.697456 0.697456
4193.281738 0.000000 276.849457 0.000000 0.866016 0.000000 -0.500017 0.702196 0.702196 0.702196
4184.507812 0.000000 278.269684 0.000000 0.948473 0.000000 -0.316857 0.701803 0.701803 0.701803
4183.163574 0.000000 306.353058 0.000000 0.668942 0.000000 -0.743315 0.705858 0.705858 0.705858
4190.426270 0.000000 284.196899 0.000000 0.148212 0.000000 -0.988956 0.705964 0.705964 0.705964
4188.265137 0.000000 271.248291 0.000000 0.909479 0.000000 0.415749 0.697003 0.697003 0.697003
4188.997070 0.000000 257.661163 0.000000 0.153598 0.000000 -0.988133 0.711883 0.711883 0.711883
4175.865234 0.000000 318.078918 0.000000 0.858888 0.000000 0.512163 0.695490 0.695490 0.695490
4155.958008 0.000000 363.731323 0.000000 0.990603 0.000000 0.136767 0.699233 0.699233 0.699233
4156.770020 0.000000 356.073761 0.000000 0.137281 0.000000 0.990532 0.689982 0.689982 0.689982
4160.994629 0.000000 335.778320 0.000000 0.329344 0.000000 0.944210 0.698273 0.698273 0.698273
4170.874023 0.000000 320.708740 0.000000 0.153317 0.000000 -0.988177 0.709904 0.709904 0.709904
4165.054199 0.000000 378.477905 0.000000 0.305057 0.000000 -0.952334 0.710576 0.710576 0.710576
4159.723145 0.000000 344.800446 0.000000 0.684742 0.000000 -0.728786 0.704566 0.704566 0.704566
4160.206543 0.000000 354.087524 0.000000 0.087394 0.000000 0.996174 0.689631 0.689631 0.689631
4159.993652 0.000000 371.038483 0.000000 0.742675 0.000000 0.669652 0.694871 0.694871 0.694871
4166.280762 0.000000 324.609344 0.000000 0.354595 0.000000 -0.935020 0.710136 0.710136 0.710136
4171.595703 0.000000 325.528198 0.000000 0.899443 0.000000 -0.437039 0.706324 0.706324 0.706324
4344.117188 0.000000 372.276031 0.000000 0.777801 0.000000 -0.628510 0.701900 0.701900 0.701900
4333.120117 0.000000 372.377136 0.000000 0.964985 0.000000 0.262307 0.697774 0.697774 0.697774
4347.934570 0.000000 363.731323 0.000000 0.589138 0.000000 0.808033 0.697369 0.697369 0.697369
4340.150391 0.000000 366.241180 0.000000 0.951216 0.000000 -0.308524 0.702192 0.702192 0.702192
4207.770996 0.000000 405.849579 0.000000 0.196725 0.000000 -0.980459 0.711515 0.711515 0.711515
4187.859863 0.000000 391.570984 0.000000 0.163048 0.000000 0.986618 0.688197 0.688197 0.688197
4179.131348 0.000000 392.929871 0.000000 0.527946 0.000000 -0.849278 0.707093 0.707093 0.707093
4201.034180 0.000000 400.318390 0.000000 0.268771 0.000000 -0.963204 0.710894 0.710894 0.710894
4195.015137 0.000000 395.051147 0.000000 0.230539 0.000000 0.973063 0.688775 0.688775 0.688775
4214.864258 0.000000 404.432526 0.000000 0.232599 0.000000 0.972573 0.692528 0.692528 0.692528
4176.085449 0.000000 387.660980 0.000000 0.605446 0.000000 -0.795887 0.706434 0.706434 0.706434
4246.458496 0.000000 415.338104 0.000000 0.510032 0.000000 -0.860155 0.708687 0.708687 0.708687
4260.833008 0.000000 417.036682 0.000000 0.471020 0.000000 -0.882122 0.706042 0.706042 0.706042
4282.754395 0.000000 410.499268 0.000000 0.128112 0.000000 -0.991760 0.712099 0.712099 0.712099
4223.715332 0.000000 408.784821 0.000000 0.987681 0.000000 0.156483 0.698902 0.698902 0.698902
4269.622559 0.000000 414.192627 0.000000 0.456976 0.000000 -0.889479 0.709195 0.709195 0.709195
4239.690430 0.000000 410.493835 0.000000 0.999364 0.000000 -0.035651 0.700199 0.700199 0.700199
4254.418457 0.000000 412.165649 0.000000 0.892278 0.000000 -0.451486 0.703274 0.703274 0.703274
4239.067871 0.000000 416.855133 0.000000 0.769566 0.000000 -0.638568 0.704842 0.704842 0.704842
4315.844238 0.000000 391.570984 0.000000 0.012533 0.000000 0.999921 0.686929 0.686929 0.686929
4304.543457 0.000000 401.323822 0.000000 0.347731 0.000000 0.937594 0.696601 0.696601 0.696601
4322.972656 0.000000 384.468750 0.000000 0.819892 0.000000 -0.572519 0.701704 0.701704 0.701704
4297.152344 0.000000 394.151703 0.000000 0.535997 0.000000 -0.844220 0.702810 0.702810 0.702810
4287.707520 0.000000 408.784821 0.000000 0.734535 0.000000 0.678571 0.693744 0.693744 0.693744
4307.115723 0.000000 392.929871 0.000000 0.417306 0.000000 0.908766 0.692029 0.692029 0.692029
4296.278320 0.000000 404.234344 0.000000 0.518872 0.000000 0.854852 0.694266 0.694266 0.694266
4316.981445 0.000000 385.629913 0.000000 0.999643 0.000000 -0.026729 0.700224 0.700224 0.700224
4299.334961 0.000000 399.334839 0.000000 0.129921 0.000000 0.991524 0.687916 0.687916 0.687916
4353.444824 0.000000 362.933258 0.000000 0.447937 0.000000 -0.894065 0.703093 0.703093 0.703093
4391.790527 0.000000 381.862518 0.000000 0.802441 0.000000 -0.596732 0.702682 0.702682 0.702682
4367.910156 0.000000 365.279938 0.000000 0.101168 0.000000 0.994869 0.687674 0.687674 0.687674
4360.030273 0.000000 369.790100 0.000000 0.795802 0.000000 -0.605557 0.703638 0.703638 0.703638
4375.140137 0.000000 370.337433 0.000000 0.926267 0.000000 0.376869 0.697839 0.697839 0.697839
4351.970215 0.000000 371.038483 0.000000 0.823763 0.000000 -0.566935 0.702528 0.702528 0.702528
4382.167969 0.000000 368.589020 0.000000 0.159107 0.000000 0.987261 0.690137 0.690137 0.690137
4409.879883 0.000000 397.431732 0.000000 0.278795 0.000000 0.960351 0.690995 0.690995 0.690995
4411.926758 0.000000 427.715698 0.000000 0.875789 0.000000 0.482693 0.698591 0.698591 0.698591
4412.739258 0.000000 420.058136 0.000000 0.874046 0.000000 0.485844 0.697163 0.697163 0.697163
4412.898926 0.000000 404.729858 0.000000 0.358138 0.000000 0.933668 0.689896 0.689896 0.689896
4392.904297 0.000000 385.977478 0.000000 0.992445 0.000000 -0.122693 0.701032 0.701032 0.701032
4415.962402 0.000000 435.022858 0.000000 0.769610 0.000000 0.638514 0.697095 0.697095 0.697095
4410.738770 0.000000 474.483643 0.000000 0.115540 0.000000 -0.993303 0.706102 0.706102 0.706102
4412.739258 0.000000 484.042511 0.000000 0.869246 0.000000 0.494380 0.697108 0.697108 0.697108
4412.898926 0.000000 468.714233 0.000000 0.972536 0.000000 -0.232751 0.701642 0.701642 0.701642
4413.636230 0.000000 498.976837 0.000000 0.257477 0.000000 0.966284 0.689008 0.689008 0.689008
4407.123535 0.000000 505.641113 0.000000 0.902094 0.000000 -0.431539 0.704367 0.704367 0.704367
4410.653320 0.000000 503.451843 0.000000 0.808437 0.000000 0.588583 0.690322 0.690322 0.690322
4425.136719 0.000000 458.136078 0.000000 0.846244 0.000000 0.532795 0.698429 0.698429 0.698429
4415.962402 0.000000 499.007233 0.000000 0.620971 0.000000 0.783833 0.694962 0.694962 0.694962
4337.838867 0.000000 572.267456 0.000000 0.612891 0.000000 0.790168 0.694905 0.694905 0.694905
4310.450684 0.000000 607.291260 0.000000 0.750672 0.000000 0.660675 0.678811 0.678811 0.678811
4329.018555 0.000000 592.271545 0.000000 0.877130 0.000000 0.480252 0.695798 0.695798 0.695798
4335.026855 0.000000 577.287476 0.000000 0.092045 0.000000 0.995755 0.689664 0.689664 0.689664
4308.979492 0.000000 602.123474 0.000000 0.909229 0.000000 -0.416297 0.709605 0.709605 0.709605
4313.666504 0.000000 603.698730 0.000000 0.749349 0.000000 0.662175 0.682799 0.682799 0.682799
4310.791504 0.000000 604.394226 0.000000 0.998630 0.000000 -0.052325 0.701830 0.701830 0.701830
4357.030762 0.000000 570.431030 0.000000 0.592320 0.000000 -0.805702 0.703929 0.703929 0.703929
4388.817383 0.000000 545.005432 0.000000 0.800500 0.000000 -0.599333 0.703594 0.703594 0.703594
4393.010742 0.000000 528.287170 0.000000 0.987272 0.000000 0.159040 0.698884 0.698884 0.698884
4399.322266 0.000000 520.749268 0.000000 0.406315 0.000000 -0.913733 0.716111 0.716111 0.716111
4396.102539 0.000000 524.533508 0.000000 0.384848 0.000000 0.922980 0.685206 0.685206 0.685206
4856.054688 0.000000 628.213501 0.000000 0.241935 0.000000 0.970293 0.694437 0.694437 0.694437
4731.980957 0.000000 700.564453 0.000000 0.025244 0.000000 0.999681 0.691357 0.691357 0.691357
4667.988770 0.000000 764.548828 0.000000 0.636640 0.000000 0.771161 0.696306 0.696306 0.696306
4667.895508 0.000000 747.637573 0.000000 0.662767 0.000000 -0.748826 0.703549 0.703549 0.703549
4669.604980 0.000000 754.914307 0.000000 0.298039 0.000000 -0.954554 0.710638 0.710638 0.710638
4692.395996 0.000000 762.874390 0.000000 0.524505 0.000000 -0.851407 0.702848 0.702848 0.702848
4719.708496 0.000000 725.771423 0.000000 0.997209 0.000000 0.074654 0.699791 0.699791 0.699791
4694.403809 0.000000 735.260010 0.000000 0.251929 0.000000 -0.967746 0.711040 0.711040 0.711040
4673.405762 0.000000 746.839478 0.000000 0.288803 0.000000 -0.957389 0.705359 0.705359 0.705359
4726.483398 0.000000 704.580383 0.000000 0.470809 0.000000 -0.882235 0.704532 0.704532 0.704532
4708.634766 0.000000 749.745728 0.000000 0.174970 0.000000 0.984574 0.698050 0.698050 0.698050
4687.871094 0.000000 749.186218 0.000000 0.908507 0.000000 0.417869 0.698192 0.698192 0.698192
4714.415527 0.000000 711.774780 0.000000 0.574891 0.000000 0.818230 0.694641 0.694641 0.694641
4698.399902 0.000000 745.633606 0.000000 0.168511 0.000000 -0.985700 0.717634 0.717634 0.717634
4721.188965 0.000000 717.309875 0.000000 0.981131 0.000000 0.193344 0.698368 0.698368 0.698368
4712.971680 0.000000 720.240295 0.000000 0.331634 0.000000 0.943408 0.693106 0.693106 0.693106
4684.857910 0.000000 760.276184 0.000000 0.145599 0.000000 -0.989344 0.715934 0.715934 0.715934
4702.363770 0.000000 732.087524 0.000000 0.423565 0.000000 -0.905866 0.709508 0.709508 0.709508
4691.055176 0.000000 742.047424 0.000000 0.242062 0.000000 -0.970261 0.709271 0.709271 0.709271
4702.145996 0.000000 739.636902 0.000000 0.153517 0.000000 -0.988146 0.715845 0.715845 0.715845
4731.094727 0.000000 710.205627 0.000000 0.992908 0.000000 -0.118882 0.700833 0.700833 0.700833
4724.314453 0.000000 711.131348 0.000000 0.375946 0.000000 0.926641 0.693371 0.693371 0.693371
4671.532227 0.000000 764.899719 0.000000 0.572034 0.000000 -0.820230 0.706723 0.706723 0.706723
4705.097656 0.000000 744.696716 0.000000 0.877588 0.000000 0.479416 0.696505 0.696505 0.696505
4681.791992 0.000000 765.526001 0.000000 0.767478 0.000000 0.641075 0.693190 0.693190 0.693190
4733.077637 0.000000 704.634644 0.000000 0.949889 0.000000 -0.312588 0.703111 0.703111 0.703111
4693.495117 0.000000 748.450867 0.000000 0.999858 0.000000 0.016824 0.699859 0.699859 0.699859
4677.007812 0.000000 767.765808 0.000000 0.999613 0.000000 0.027812 0.699728 0.699728 0.699728
4696.837402 0.000000 740.558777 0.000000 0.368842 0.000000 -0.929492 0.715011 0.715011 0.715011
4676.341797 0.000000 757.248962 0.000000 0.037790 0.000000 0.999286 0.680711 0.680711 0.680711
4685.413574 0.000000 753.487610 0.000000 0.246698 0.000000 0.969092 0.687067 0.687067 0.687067
4698.998535 0.000000 736.078430 0.000000 0.724246 0.000000 -0.689542 0.709574 0.709574 0.709574
4680.690918 0.000000 758.654663 0.000000 0.126346 0.000000 0.991986 0.681829 0.681829 0.681829
4735.524414 0.000000 700.915344 0.000000 0.995618 0.000000 0.093509 0.699345 0.699345 0.699345
4820.380371 0.000000 698.890015 0.000000 0.809594 0.000000 0.586990 0.698246 0.698246 0.698246
4847.692871 0.000000 661.787048 0.000000 0.538006 0.000000 -0.842941 0.701402 0.701402 0.701402
4854.467773 0.000000 640.596008 0.000000 0.927990 0.000000 0.372604 0.697331 0.697331 0.697331
4804.976074 0.000000 698.399780 0.000000 0.695410 0.000000 -0.718613 0.703363 0.703363 0.703363
4815.855469 0.000000 685.201843 0.000000 0.988987 0.000000 0.148003 0.698754 0.698754 0.698754
4858.684082 0.000000 666.436768 0.000000 0.559471 0.000000 -0.828850 0.708196 0.708196 0.708196
4826.384277 0.000000 681.649231 0.000000 0.835316 0.000000 -0.549770 0.702441 0.702441 0.702441
4860.684570 0.000000 675.995667 0.000000 0.136892 0.000000 0.990586 0.687975 0.687975 0.687975
4859.079102 0.000000 646.221252 0.000000 0.297160 0.000000 0.954828 0.687580 0.687580 0.687580
4860.844238 0.000000 660.667358 0.000000 0.326590 0.000000 0.945166 0.689614 0.689614 0.689614
4809.776367 0.000000 701.541626 0.000000 0.979512 0.000000 0.201385 0.698299 0.698299 0.698299
4861.062012 0.000000 640.650269 0.000000 0.855934 0.000000 -0.517086 0.705318 0.705318 0.705318
4815.787109 0.000000 701.985168 0.000000 0.843426 0.000000 -0.537246 0.704758 0.704758 0.704758
4735.794922 0.000000 707.121216 0.000000 0.988817 0.000000 -0.149133 0.701465 0.701465 0.701465
4810.795898 0.000000 704.614990 0.000000 0.999080 0.000000 0.042895 0.699640 0.699640 0.699640
4799.787109 0.000000 707.121216 0.000000 0.744279 0.000000 0.667869 0.695910 0.695910 0.695910
4809.089844 0.000000 714.073608 0.000000 0.056844 0.000000 -0.998383 0.704233 0.704233 0.704233
4806.202637 0.000000 708.515564 0.000000 0.463629 0.000000 -0.886029 0.709133 0.709133 0.709133
4886.380371 0.000000 607.291260 0.000000 0.276942 0.000000 -0.960887 0.707215 0.707215 0.707215
4868.968262 0.000000 634.415405 0.000000 0.254260 0.000000 0.967136 0.694490 0.694490 0.694490
4903.728027 0.000000 637.799988 0.000000 0.848201 0.000000 -0.529674 0.703902 0.703902 0.703902
4879.847656 0.000000 621.217468 0.000000 0.657676 0.000000 0.753301 0.696422 0.696422 0.696422
4900.754883 0.000000 608.989807 0.000000 0.262795 0.000000 0.964852 0.687230 0.687230 0.687230
4890.376465 0.000000 617.664856 0.000000 0.095791 0.000000 0.995401 0.691752 0.691752 0.691752
4913.768555 0.000000 636.251831 0.000000 0.999736 0.000000 -0.022963 0.700193 0.700193 0.700193
4874.779297 0.000000 613.667419 0.000000 0.964892 0.000000 0.262647 0.697771 0.697771 0.697771
4909.544434 0.000000 606.145752 0.000000 0.993305 0.000000 0.115522 0.699191 0.699191 0.699191
4863.907715 0.000000 626.975952 0.000000 0.317568 0.000000 -0.948236 0.705233 0.705233 0.705233
4894.340332 0.000000 604.118774 0.000000 0.895911 0.000000 0.444234 0.697426 0.697426 0.697426
4883.031738 0.000000 614.078674 0.000000 0.931380 0.000000 0.364048 0.696874 0.696874 0.696874
4894.122559 0.000000 611.668152 0.000000 0.686181 0.000000 -0.727431 0.706833 0.706833 0.706833
4903.253906 0.000000 615.298523 0.000000 0.767476 0.000000 0.641077 0.696108 0.696108 0.696108
4888.813965 0.000000 612.590027 0.000000 0.230413 0.000000 -0.973093 0.713097 0.713097 0.713097
4964.603516 0.000000 621.776978 0.000000 0.998272 0.000000 0.058759 0.699918 0.699918 0.699918
4973.041992 0.000000 628.314636 0.000000 0.995060 0.000000 -0.099275 0.700556 0.700556 0.700556
4973.288086 0.000000 619.159973 0.000000 0.959104 0.000000 0.283055 0.698395 0.698395 0.698395
4980.072266 0.000000 622.178650 0.000000 0.740723 0.000000 0.671811 0.695880 0.695880 0.695880
4970.007324 0.000000 623.694153 0.000000 0.657128 0.000000 0.753779 0.692838 0.692838 0.692838
4993.366699 0.000000 618.870728 0.000000 0.270524 0.000000 -0.962713 0.705439 0.705439 0.705439
5018.360840 0.000000 617.664856 0.000000 0.614768 0.000000 -0.788708 0.702541 0.702541 0.702541
5002.763672 0.000000 613.667419 0.000000 0.300611 0.000000 -0.953747 0.705308 0.705308 0.705308
4999.952148 0.000000 625.727600 0.000000 0.612439 0.000000 0.790518 0.696176 0.696176 0.696176
5092.587891 0.000000 621.776978 0.000000 0.727015 0.000000 -0.686621 0.705290 0.705290 0.705290
5107.080078 0.000000 612.693787 0.000000 0.704173 0.000000 -0.710028 0.703312 0.703312 0.703312
5063.550293 0.000000 605.183777 0.000000 0.999927 0.000000 0.012077 0.699966 0.699966 0.699966
5113.793945 0.000000 589.384888 0.000000 0.335334 0.000000 0.942099 0.693128 0.693128 0.693128
5101.026367 0.000000 628.314636 0.000000 0.441503 0.000000 0.897260 0.696886 0.696886 0.696886
5105.745117 0.000000 636.251831 0.000000 0.373263 0.000000 -0.927726 0.728242 0.728242 0.728242
5101.272461 0.000000 619.159973 0.000000 0.313227 0.000000 0.949678 0.691247 0.691247 0.691247
5071.588867 0.000000 602.446960 0.000000 0.868248 0.000000 -0.496131 0.705081 0.705081 0.705081
5116.653320 0.000000 612.011292 0.000000 0.191786 0.000000 0.981437 0.688442 0.688442 0.688442
5108.056641 0.000000 622.178650 0.000000 0.685559 0.000000 0.728017 0.695440 0.695440 0.695440
5110.754883 0.000000 596.385681 0.000000 0.298364 0.000000 0.954452 0.692910 0.692910 0.692910
5116.812988 0.000000 596.682983 0.000000 0.220866 0.000000 -0.975304 0.709424 0.709424 0.709424
5097.991699 0.000000 623.694153 0.000000 0.982574 0.000000 -0.185869 0.701568 0.701568 0.701568
5111.037598 0.000000 633.609863 0.000000 0.982793 0.000000 0.184708 0.698182 0.698182 0.698182
5113.052734 0.000000 623.554321 0.000000 0.999858 0.000000 -0.016863 0.700212 0.700212 0.700212
5118.972168 0.000000 622.709778 0.000000 0.111527 0.000000 0.993761 0.655124 0.655124 0.655124
5099.924316 0.000000 638.624695 0.000000 0.257567 0.000000 0.966260 0.676186 0.676186 0.676186
5109.752930 0.000000 630.634399 0.000000 0.010659 0.000000 -0.999943 0.752348 0.752348 0.752348
5116.274902 0.000000 624.182983 0.000000 0.132246 0.000000 -0.991217 0.746245 0.746245 0.746245
4864.908691 0.000000 655.700195 0.000000 0.966242 0.000000 -0.257637 0.700729 0.700729 0.700729
4865.382324 0.000000 682.855103 0.000000 0.616532 0.000000 -0.787330 0.701267 0.701267 0.701267
4918.459961 0.000000 640.596008 0.000000 0.862703 0.000000 -0.505711 0.701482 0.701482 0.701482
4871.573730 0.000000 669.168152 0.000000 0.540593 0.000000 0.841284 0.697205 0.697205 0.697205
4906.392090 0.000000 647.790405 0.000000 0.134267 0.000000 -0.990945 0.706023 0.706023 0.706023
4898.902344 0.000000 640.406250 0.000000 0.381979 0.000000 0.924171 0.693408 0.693408 0.693408
4863.637207 0.000000 664.722290 0.000000 0.972916 0.000000 0.231158 0.698043 0.698043 0.698043
4864.120605 0.000000 674.009399 0.000000 0.491781 0.000000 0.870719 0.691136 0.691136 0.691136
5102.933105 0.000000 641.271851 0.000000 0.054748 0.000000 -0.998500 0.712717 0.712717 0.712717
4662.491211 0.000000 768.564758 0.000000 0.978877 0.000000 -0.204449 0.701439 0.701439 0.701439
4650.423340 0.000000 775.759155 0.000000 0.204566 0.000000 0.978853 0.690460 0.690460 0.690460
4665.848633 0.000000 781.338013 0.000000 0.496227 0.000000 -0.868193 0.702940 0.702940 0.702940
4657.196777 0.000000 781.294250 0.000000 0.906856 0.000000 0.421440 0.697567 0.697567 0.697567
4667.102539 0.000000 774.190002 0.000000 0.977821 0.000000 0.209440 0.698230 0.698230 0.698230
4660.322266 0.000000 775.115723 0.000000 0.228808 0.000000 -0.973472 0.713113 0.713113 0.713113
4669.085449 0.000000 768.619019 0.000000 0.662535 0.000000 0.749031 0.692898 0.692898 0.692898
4655.291016 0.000000 776.686768 0.000000 0.769066 0.000000 0.639169 0.693214 0.693214 0.693214
4682.811523 0.000000 768.599365 0.000000 0.677223 0.000000 -0.735778 0.705780 0.705780 0.705780
4653.081055 0.000000 948.236511 0.000000 0.992785 0.000000 0.119906 0.697479 0.697479 0.697479
4667.895508 0.000000 939.590698 0.000000 0.999998 0.000000 0.002109 0.699956 0.699956 0.699956
4660.111328 0.000000 942.100525 0.000000 0.793583 0.000000 -0.608461 0.716461 0.716461 0.716461
4646.389648 0.000000 948.169739 0.000000 0.817690 0.000000 -0.575659 0.704288 0.704288 0.704288
4641.688965 0.000000 956.934265 0.000000 0.696309 0.000000 -0.717742 0.720146 0.720146 0.720146
4665.107422 0.000000 943.476196 0.000000 0.643062 0.000000 0.765814 0.686585 0.686585 0.686585
4669.748047 0.000000 935.926453 0.000000 0.841133 0.000000 0.540829 0.685620 0.685620 0.685620
4698.399902 0.000000 937.586731 0.000000 0.923232 0.000000 0.384242 0.693935 0.693935 0.693935
4691.055176 0.000000 934.000549 0.000000 0.944100 0.000000 0.329658 0.684501 0.684501 0.684501
4693.495117 0.000000 940.403992 0.000000 0.155034 0.000000 -0.987909 0.713849 0.713849 0.713849
4686.798828 0.000000 936.441162 0.000000 0.454840 0.000000 -0.890573 0.712287 0.712287 0.712287
4671.464355 0.000000 934.582458 0.000000 0.953544 0.000000 -0.301255 0.706845 0.706845 0.706845
4697.683105 0.000000 942.166687 0.000000 0.920732 0.000000 -0.390195 0.709527 0.709527 0.709527
4694.438965 0.000000 936.320496 0.000000 0.873652 0.000000 -0.486551 0.714208 0.714208 0.714208
4695.814941 0.000000 938.790588 0.000000 0.002822 0.000000 -0.999996 0.748227 0.748227 0.748227
4781.065430 0.000000 948.236511 0.000000 0.343783 0.000000 0.939049 0.669302 0.669302 0.669302
4795.879883 0.000000 939.590698 0.000000 0.977030 0.000000 0.213102 0.699400 0.699400 0.699400
4796.692383 0.000000 931.933167 0.000000 0.704869 0.000000 0.709338 0.677951 0.677951 0.677951
4788.095703 0.000000 942.100525 0.000000 0.510329 0.000000 0.859979 0.691316 0.691316 0.691316
4792.116211 0.000000 935.377502 0.000000 0.778058 0.000000 0.628192 0.682907 0.682907 0.682907
4787.292969 0.000000 937.487732 0.000000 0.318867 0.000000 0.947800 0.686061 0.686061 0.686061
4797.732422 0.000000 935.926453 0.000000 0.824519 0.000000 0.565834 0.687387 0.687387 0.687387
4784.851074 0.000000 940.286804 0.000000 0.664870 0.000000 -0.746959 0.721226 0.721226 0.721226
4794.862793 0.000000 934.401978 0.000000 0.209374 0.000000 -0.977836 0.738024 0.738024 0.738024
4807.671387 0.000000 939.273743 0.000000 0.839924 0.000000 -0.542704 0.714436 0.714436 0.714436
4804.683105 0.000000 937.455444 0.000000 0.999890 0.000000 0.014857 0.699647 0.699647 0.699647
5211.872070 0.000000 446.879578 0.000000 0.887961 0.000000 0.459919 0.696659 0.696659 0.696659
5178.645020 0.000000 474.483643 0.000000 0.231780 0.000000 -0.972768 0.703738 0.703738 0.703738
5160.916992 0.000000 464.302765 0.000000 0.734809 0.000000 -0.678274 0.706253 0.706253 0.706253
5174.747070 0.000000 468.416901 0.000000 0.786686 0.000000 0.617353 0.696279 0.696279 0.696279
5154.470215 0.000000 473.499847 0.000000 0.840693 0.000000 0.541512 0.692000 0.692000 0.692000
5231.645996 0.000000 469.833954 0.000000 0.586178 0.000000 -0.810182 0.701320 0.701320 0.701320
5240.007812 0.000000 500.244781 0.000000 0.401277 0.000000 -0.915957 0.703238 0.703238 0.703238
5238.420898 0.000000 448.642853 0.000000 0.999066 0.000000 0.043219 0.699819 0.699819 0.699819
5188.929199 0.000000 506.446655 0.000000 0.565953 0.000000 0.824437 0.695935 0.695935 0.695935
5223.688965 0.000000 509.831268 0.000000 0.262132 0.000000 0.965032 0.689048 0.689048 0.689048
5191.534668 0.000000 477.215027 0.000000 0.762226 0.000000 -0.647311 0.701969 0.701969 0.701969
5199.808594 0.000000 493.248688 0.000000 0.987119 0.000000 0.159986 0.699326 0.699326 0.699326
5241.778320 0.000000 461.416107 0.000000 0.993248 0.000000 -0.116013 0.700325 0.700325 0.700325
5220.715820 0.000000 481.021057 0.000000 0.459754 0.000000 0.888046 0.693887 0.693887 0.693887
5210.337402 0.000000 489.696106 0.000000 0.010642 0.000000 0.999943 0.689094 0.689094 0.689094
5214.682129 0.000000 503.824402 0.000000 0.110324 0.000000 -0.993896 0.704083 0.704083 0.704083
5193.042969 0.000000 458.136078 0.000000 0.948066 0.000000 0.318072 0.699095 0.699095 0.699095
5233.126465 0.000000 461.372375 0.000000 0.418176 0.000000 -0.908366 0.704779 0.704779 0.704779
5199.573242 0.000000 474.478210 0.000000 0.879515 0.000000 0.475870 0.694453 0.694453 0.694453
5196.795410 0.000000 504.338654 0.000000 0.595829 0.000000 -0.803111 0.703911 0.703911 0.703911
5230.917480 0.000000 449.318756 0.000000 0.510584 0.000000 0.859828 0.692765 0.692765 0.692765
5236.041016 0.000000 494.209930 0.000000 0.912675 0.000000 0.408687 0.697057 0.697057 0.697057
5236.251953 0.000000 455.193848 0.000000 0.530094 0.000000 -0.847939 0.708490 0.708490 0.708490
5234.543457 0.000000 502.456116 0.000000 0.967181 0.000000 0.254090 0.697845 0.697845 0.697845
5224.802734 0.000000 449.961853 0.000000 0.840522 0.000000 0.541778 0.695197 0.695197 0.695197
5206.849121 0.000000 453.193604 0.000000 0.870180 0.000000 -0.492733 0.704322 0.704322 0.704322
5208.774902 0.000000 484.621307 0.000000 0.267579 0.000000 0.963536 0.685461 0.685461 0.685461
5203.243652 0.000000 469.369446 0.000000 0.582979 0.000000 0.812487 0.690718 0.690718 0.690718
5307.817383 0.000000 427.715698 0.000000 0.591618 0.000000 -0.806219 0.702622 0.702622 0.702622
5275.864258 0.000000 446.879578 0.000000 0.199529 0.000000 0.979892 0.692339 0.692339 0.692339
5304.000000 0.000000 500.244781 0.000000 0.872052 0.000000 0.489413 0.698570 0.698570 0.698570
5270.333496 0.000000 479.322479 0.000000 0.954172 0.000000 -0.299260 0.702124 0.702124 0.702124
5258.741211 0.000000 448.677490 0.000000 0.053724 0.000000 -0.998556 0.704242 0.704242 0.704242
5264.426270 0.000000 465.308197 0.000000 0.950119 0.000000 0.311887 0.699557 0.699557 0.699557
5274.329590 0.000000 489.696106 0.000000 0.970801 0.000000 0.239885 0.698984 0.698984 0.698984
5278.293457 0.000000 476.150024 0.000000 0.821354 0.000000 0.570418 0.697454 0.697454 0.697454
5278.058594 0.000000 496.557770 0.000000 0.120112 0.000000 -0.992760 0.714194 0.714194 0.714194
5287.207031 0.000000 487.329742 0.000000 0.279371 0.000000 0.960183 0.690999 0.690999 0.690999
5276.864258 0.000000 449.614288 0.000000 0.686993 0.000000 0.726664 0.693176 0.693176 0.693176
5289.968262 0.000000 495.725433 0.000000 0.477983 0.000000 0.878369 0.691004 0.691004 0.691004
5289.052734 0.000000 503.450745 0.000000 0.432019 0.000000 -0.901864 0.717287 0.717287 0.717287
5348.556641 0.000000 493.808258 0.000000 0.796671 0.000000 -0.604413 0.702722 0.702722 0.702722
5370.621582 0.000000 474.483643 0.000000 0.591915 0.000000 0.806001 0.697379 0.697379 0.697379
5356.995117 0.000000 500.345886 0.000000 0.363119 0.000000 -0.931743 0.706706 0.706706 0.706706
5371.809570 0.000000 491.700073 0.000000 0.738316 0.000000 -0.674455 0.705174 0.705174 0.705174
5357.489746 0.000000 478.177002 0.000000 0.792709 0.000000 -0.609601 0.703666 0.703666 0.703666
5364.025391 0.000000 494.209930 0.000000 0.048438 0.000000 0.998826 0.687230 0.687230 0.687230
5366.723633 0.000000 468.416901 0.000000 0.936164 0.000000 -0.351565 0.703516 0.703516 0.703516
5364.871582 0.000000 478.113556 0.000000 0.551629 0.000000 -0.834090 0.706896 0.706896 0.706896
5350.303711 0.000000 500.279114 0.000000 0.962187 0.000000 -0.272389 0.701543 0.701543 0.701543
5356.567871 0.000000 484.280151 0.000000 0.234997 0.000000 0.971996 0.690678 0.690678 0.690678
5353.960449 0.000000 495.725433 0.000000 0.262420 0.000000 0.964954 0.689051 0.689051 0.689051
5363.803711 0.000000 472.993134 0.000000 0.790513 0.000000 -0.612445 0.706451 0.706451 0.706451
5499.793945 0.000000 427.715698 0.000000 0.567197 0.000000 0.823582 0.697294 0.697294 0.697294
5423.622559 0.000000 469.833954 0.000000 0.779302 0.000000 0.626649 0.699053 0.699053 0.699053
5398.317871 0.000000 479.322479 0.000000 0.958195 0.000000 -0.286116 0.700406 0.700406 0.700406
5377.319824 0.000000 490.902008 0.000000 0.763009 0.000000 0.646388 0.692139 0.692139 0.692139
5412.548828 0.000000 493.808258 0.000000 0.999484 0.000000 0.032119 0.699955 0.699955 0.699955
5412.692383 0.000000 481.021057 0.000000 0.642891 0.000000 0.765958 0.695121 0.695121 0.695121
5402.313965 0.000000 489.696106 0.000000 0.031295 0.000000 0.999510 0.684934 0.684934 0.684934
5383.905273 0.000000 497.758850 0.000000 0.532135 0.000000 0.846660 0.695765 0.695765 0.695765
5421.481934 0.000000 478.177002 0.000000 0.287376 0.000000 -0.957818 0.710731 0.710731 0.710731
5375.845215 0.000000 499.007233 0.000000 0.934173 0.000000 0.356820 0.698470 0.698470 0.698470
5415.271973 0.000000 473.474335 0.000000 0.661654 0.000000 -0.749809 0.704741 0.704741 0.704741
5406.060059 0.000000 483.699371 0.000000 0.099587 0.000000 0.995029 0.689717 0.689717 0.689717
5409.011719 0.000000 488.759216 0.000000 0.384736 0.000000 0.923027 0.691780 0.691780 0.691780
5397.409180 0.000000 492.513367 0.000000 0.321730 0.000000 0.946832 0.686095 0.686095 0.686095
5379.601562 0.000000 495.251709 0.000000 0.942223 0.000000 0.334988 0.696657 0.696657 0.696657
5495.976562 0.000000 500.244781 0.000000 0.446899 0.000000 -0.894585 0.707742 0.707742 0.707742
5476.541016 0.000000 493.808258 0.000000 0.978239 0.000000 0.207482 0.699123 0.699123 0.699123
5476.684570 0.000000 481.021057 0.000000 0.416274 0.000000 -0.909239 0.706383 0.706383 0.706383
5499.887207 0.000000 508.611328 0.000000 0.308679 0.000000 0.951166 0.694728 0.694728 0.694728
5485.225586 0.000000 491.191223 0.000000 0.981567 0.000000 0.191119 0.699193 0.699193 0.699193
5479.183594 0.000000 487.329742 0.000000 0.244169 0.000000 0.969733 0.683339 0.683339 0.683339
5501.503418 0.000000 498.976837 0.000000 0.268785 0.000000 0.963200 0.687291 0.687291 0.687291
5502.695312 0.000000 503.960449 0.000000 0.385233 0.000000 -0.922820 0.711502 0.711502 0.711502
5511.495605 0.000000 413.230652 0.000000 0.560119 0.000000 -0.828412 0.701365 0.701365 0.701365
5519.769531 0.000000 429.264313 0.000000 0.990312 0.000000 0.138863 0.699610 0.699610 0.699610
5514.701172 0.000000 421.714294 0.000000 0.992841 0.000000 0.119441 0.698661 0.698661 0.698661
5511.889648 0.000000 433.774475 0.000000 0.703573 0.000000 -0.710623 0.705525 0.705525 0.705525
5504.042480 0.000000 418.071899 0.000000 0.858419 0.000000 -0.512949 0.702259 0.702259 0.702259
5503.829590 0.000000 435.022858 0.000000 0.205733 0.000000 -0.978608 0.707626 0.707626 0.707626
5518.911621 0.000000 416.855133 0.000000 0.507601 0.000000 -0.861592 0.707259 0.707259 0.707259
5507.585938 0.000000 431.267334 0.000000 0.967820 0.000000 -0.251643 0.702845 0.702845 0.702845
5524.294434 0.000000 506.936890 0.000000 0.325045 0.000000 -0.945699 0.701733 0.701733 0.701733
5519.769531 0.000000 493.248688 0.000000 0.836014 0.000000 0.548708 0.692692 0.692692 0.692692
5514.701172 0.000000 485.698669 0.000000 0.785278 0.000000 -0.619143 0.704667 0.704667 0.704667
5511.889648 0.000000 497.758850 0.000000 0.384389 0.000000 0.923171 0.695067 0.695067 0.695067
5503.829590 0.000000 499.007233 0.000000 0.907758 0.000000 -0.419495 0.703631 0.703631 0.703631
5516.756348 0.000000 504.338654 0.000000 0.529916 0.000000 0.848050 0.691508 0.691508 0.691508
5521.409668 0.000000 500.334808 0.000000 0.988508 0.000000 -0.151169 0.701909 0.701909 0.701909
5517.312012 0.000000 497.550110 0.000000 0.505087 0.000000 0.863069 0.685442 0.685442 0.685442
5590.294434 0.000000 479.322479 0.000000 0.881175 0.000000 -0.472790 0.704131 0.704131 0.704131
5590.991699 0.000000 498.306183 0.000000 0.715780 0.000000 0.698326 0.696758 0.696758 0.696758
5583.526367 0.000000 474.478210 0.000000 0.999973 0.000000 0.007317 0.699959 0.699959 0.699959
5580.748535 0.000000 504.338654 0.000000 0.135391 0.000000 -0.990792 0.708025 0.708025 0.708025
5585.401855 0.000000 500.334808 0.000000 0.930533 0.000000 0.366207 0.696855 0.696855 0.696855
5156.580078 0.000000 557.792603 0.000000 0.292557 0.000000 -0.956248 0.703562 0.703562 0.703562
5178.645020 0.000000 538.468018 0.000000 0.978229 0.000000 -0.207528 0.700877 0.700877 0.700877
5169.134277 0.000000 525.356750 0.000000 0.736557 0.000000 0.676376 0.690653 0.690653 0.690653
5165.513184 0.000000 542.161377 0.000000 0.013814 0.000000 -0.999905 0.706530 0.706530 0.706530
5172.259766 0.000000 519.178223 0.000000 0.959095 0.000000 -0.283085 0.701605 0.701605 0.701605
5159.222656 0.000000 551.314148 0.000000 0.463373 0.000000 0.886163 0.690865 0.690865 0.690865
5173.487793 0.000000 527.656067 0.000000 0.105512 0.000000 0.994418 0.677469 0.677469 0.677469
5170.429688 0.000000 530.604614 0.000000 0.529104 0.000000 0.848557 0.681584 0.681584 0.681584
5200.434082 0.000000 529.292603 0.000000 0.186366 0.000000 -0.982480 0.705802 0.705802 0.705802
5226.353027 0.000000 519.821655 0.000000 0.988836 0.000000 0.149008 0.699164 0.699164 0.699164
5183.740234 0.000000 515.168091 0.000000 0.513830 0.000000 0.857892 0.697117 0.697117 0.697117
5193.042969 0.000000 522.120483 0.000000 0.643311 0.000000 -0.765605 0.706095 0.706095 0.706095
5218.890137 0.000000 523.019897 0.000000 0.672487 0.000000 -0.740109 0.704660 0.704660 0.704660
5206.095215 0.000000 526.194702 0.000000 0.364158 0.000000 0.931337 0.688275 0.688275 0.688275
5199.960449 0.000000 515.629700 0.000000 0.866228 0.000000 0.499649 0.693417 0.693417 0.693417
5224.802734 0.000000 513.946228 0.000000 0.742688 0.000000 0.669637 0.692819 0.692819 0.692819
5201.742188 0.000000 525.183167 0.000000 0.419403 0.000000 -0.907800 0.715910 0.715910 0.715910
5199.409668 0.000000 519.430908 0.000000 0.912593 0.000000 0.408869 0.691756 0.691756 0.691756
5142.349121 0.000000 607.291260 0.000000 0.363172 0.000000 -0.931722 0.701676 0.701676 0.701676
5127.936523 0.000000 625.727600 0.000000 0.970434 0.000000 -0.241366 0.701704 0.701704 0.701704
5127.632324 0.000000 619.351868 0.000000 0.752629 0.000000 -0.658445 0.705024 0.705024 0.705024
5140.877930 0.000000 602.123474 0.000000 0.828464 0.000000 0.560043 0.689196 0.689196 0.689196
5123.632812 0.000000 623.220459 0.000000 0.696285 0.000000 0.717765 0.675376 0.675376 0.675376
5131.981445 0.000000 605.493164 0.000000 0.944195 0.000000 -0.329387 0.704693 0.704693 0.704693
5138.324707 0.000000 605.702087 0.000000 0.999294 0.000000 0.037575 0.699107 0.699107 0.699107
5119.583008 0.000000 622.294678 0.000000 0.600414 0.000000 -0.799690 0.728505 0.728505 0.728505
5135.157715 0.000000 612.757812 0.000000 0.897033 0.000000 -0.441964 0.709600 0.709600 0.709600
5132.544922 0.000000 611.462341 0.000000 0.023925 0.000000 0.999714 0.648097 0.648097 0.648097
5124.060059 0.000000 620.380310 0.000000 0.542984 0.000000 0.839743 0.667947 0.667947 0.667947
5537.117676 0.000000 532.786987 0.000000 0.115378 0.000000 0.993322 0.687793 0.687793 0.687793
5540.676758 0.000000 545.005432 0.000000 0.427026 0.000000 -0.904239 0.703158 0.703158 0.703158
5563.786133 0.000000 555.684448 0.000000 0.576029 0.000000 -0.817429 0.704014 0.704014 0.704014
5534.262207 0.000000 540.134399 0.000000 0.021738 0.000000 -0.999764 0.708663 0.708663 0.708663
5543.256348 0.000000 537.458740 0.000000 0.951534 0.000000 0.307544 0.697378 0.697378 0.697378
5565.495605 0.000000 562.961182 0.000000 0.908583 0.000000 0.417705 0.694578 0.694578 0.694578
5538.423340 0.000000 537.484192 0.000000 0.163028 0.000000 0.986621 0.682296 0.682296 0.682296
5575.881836 0.000000 561.743225 0.000000 0.009881 0.000000 0.999951 0.693453 0.693453 0.693453
5608.862305 0.000000 528.287170 0.000000 0.974636 0.000000 0.223798 0.699053 0.699053 0.699053
5567.821777 0.000000 562.991577 0.000000 0.550652 0.000000 -0.834735 0.709666 0.709666 0.709666
5602.843262 0.000000 523.019897 0.000000 0.998098 0.000000 0.061652 0.699569 0.699569 0.699569
5572.232422 0.000000 565.295837 0.000000 0.694504 0.000000 0.719489 0.688773 0.688773 0.688773
5555.025391 0.000000 612.693787 0.000000 0.009936 0.000000 -0.999951 0.702182 0.702182 0.702182
5563.786133 0.000000 619.668823 0.000000 0.979633 0.000000 0.200798 0.697456 0.697456 0.697456
5564.598633 0.000000 612.011292 0.000000 0.784785 0.000000 -0.619768 0.704673 0.704673 0.704673
5560.022461 0.000000 615.455627 0.000000 0.480111 0.000000 0.877208 0.689528 0.689528 0.689528
5574.145508 0.000000 590.762939 0.000000 0.634154 0.000000 0.773206 0.691350 0.691350 0.691350
5540.533203 0.000000 685.761353 0.000000 0.807234 0.000000 -0.590231 0.701765 0.701765 0.701765
5548.971680 0.000000 692.299011 0.000000 0.982443 0.000000 0.186561 0.698163 0.698163 0.698163
5553.690430 0.000000 700.236206 0.000000 0.905006 0.000000 0.425399 0.697543 0.697543 0.697543
5542.280273 0.000000 692.232239 0.000000 0.546018 0.000000 -0.837773 0.708331 0.708331 0.708331
5545.937012 0.000000 687.678528 0.000000 0.999710 0.000000 0.024093 0.699798 0.699798 0.699798
5550.878418 0.000000 705.256226 0.000000 0.831626 0.000000 -0.555336 0.704939 0.704939 0.704939
5556.212891 0.000000 711.131348 0.000000 0.119757 0.000000 -0.992803 0.712169 0.712169 0.712169
5584.387207 0.000000 721.245728 0.000000 0.993876 0.000000 -0.110497 0.700464 0.700464 0.700464
5590.048340 0.000000 718.147827 0.000000 0.427427 0.000000 0.904050 0.690528 0.690528 0.690528
5654.286621 0.000000 671.275635 0.000000 0.953498 0.000000 -0.301399 0.701284 0.701284 0.701284
5686.366211 0.000000 640.596008 0.000000 0.688528 0.000000 -0.725210 0.703403 0.703403 0.703403
5636.874512 0.000000 698.399780 0.000000 0.920689 0.000000 0.390296 0.698318 0.698318 0.698318
5671.634277 0.000000 701.784363 0.000000 0.851419 0.000000 -0.524486 0.700772 0.700772 0.700772
5681.674805 0.000000 700.236206 0.000000 0.451955 0.000000 -0.892041 0.703081 0.703081 0.703081
5642.685547 0.000000 677.651794 0.000000 0.469097 0.000000 0.883147 0.695460 0.695460 0.695460
5677.450684 0.000000 670.130127 0.000000 0.523418 0.000000 -0.852076 0.707130 0.707130 0.707130
5662.246582 0.000000 668.103149 0.000000 0.404691 0.000000 -0.914453 0.704841 0.704841 0.704841
5671.160156 0.000000 679.282898 0.000000 0.732525 0.000000 -0.680740 0.705234 0.705234 0.705234
5676.528809 0.000000 676.233276 0.000000 0.640238 0.000000 0.768177 0.692652 0.692652 0.692652
5641.674805 0.000000 701.541626 0.000000 0.683570 0.000000 -0.729885 0.706863 0.706863 0.706863
5688.006836 0.000000 679.440002 0.000000 0.177631 0.000000 -0.984097 0.713625 0.713625 0.713625
5696.807129 0.000000 655.700195 0.000000 0.863253 0.000000 -0.504772 0.700740 0.700740 0.700740
5700.866699 0.000000 698.399780 0.000000 0.396586 0.000000 0.917998 0.698374 0.698374 0.698374
5735.626465 0.000000 701.784363 0.000000 0.857221 0.000000 0.514948 0.699244 0.699244 0.699244
5745.666992 0.000000 700.236206 0.000000 0.243931 0.000000 -0.969793 0.705555 0.705555 0.705555
5708.732910 0.000000 696.291809 0.000000 0.859092 0.000000 0.511821 0.697746 0.697746 0.697746
5703.562012 0.000000 683.336243 0.000000 0.995767 0.000000 0.091910 0.699357 0.699357 0.699357
5713.386230 0.000000 692.287964 0.000000 0.518435 0.000000 0.855117 0.692829 0.692829 0.692829
5699.562500 0.000000 687.204834 0.000000 0.215848 0.000000 0.976427 0.686757 0.686757 0.686757
5679.591309 0.000000 725.771423 0.000000 0.793396 0.000000 0.608706 0.698170 0.698170 0.698170
5686.366211 0.000000 704.580383 0.000000 0.038426 0.000000 0.999261 0.695715 0.695715 0.695715
5674.298340 0.000000 711.774780 0.000000 0.114121 0.000000 -0.993467 0.704072 0.704072 0.704072
5689.723633 0.000000 717.353638 0.000000 0.603743 0.000000 -0.797179 0.702580 0.702580 0.702580
5631.685547 0.000000 707.121216 0.000000 0.995592 0.000000 0.093788 0.699606 0.699606 0.699606
5638.101074 0.000000 708.515564 0.000000 0.478007 0.000000 0.878356 0.691004 0.691004 0.691004
5716.270996 0.000000 762.874390 0.000000 0.167324 0.000000 0.985902 0.696078 0.696078 0.696078
5696.807129 0.000000 719.684570 0.000000 0.673095 0.000000 0.739556 0.697672 0.697672 0.697672
5706.686523 0.000000 704.614990 0.000000 0.999730 0.000000 0.023239 0.699968 0.699968 0.699968
5735.626465 0.000000 765.768738 0.000000 0.931007 0.000000 0.365000 0.698433 0.698433 0.698433
5711.746094 0.000000 749.186218 0.000000 0.847782 0.000000 0.530345 0.698437 0.698437 0.698437
5729.094238 0.000000 724.740112 0.000000 0.063830 0.000000 0.997961 0.691573 0.691573 0.691573
5695.677734 0.000000 707.121216 0.000000 0.880910 0.000000 -0.473284 0.701379 0.701379 0.701379
5726.619629 0.000000 759.761902 0.000000 0.909304 0.000000 0.416133 0.698800 0.698800 0.698800
5740.948242 0.000000 756.283386 0.000000 0.960322 0.000000 0.278895 0.697629 0.697629 0.697629
5745.666992 0.000000 764.220581 0.000000 0.778921 0.000000 -0.627122 0.705686 0.705686 0.705686
5741.194336 0.000000 747.128723 0.000000 0.990049 0.000000 -0.140721 0.700987 0.700987 0.700987
5736.846680 0.000000 720.240295 0.000000 0.392987 0.000000 -0.919544 0.704894 0.704894 0.704894
5735.232910 0.000000 729.411865 0.000000 0.538540 0.000000 -0.842600 0.708406 0.708406 0.708406
5747.978516 0.000000 750.147400 0.000000 0.999713 0.000000 0.023960 0.699866 0.699866 0.699866
5723.809570 0.000000 766.801453 0.000000 0.665828 0.000000 0.746105 0.692935 0.692935 0.692935
5746.480957 0.000000 758.393616 0.000000 0.994945 0.000000 0.100426 0.699156 0.699156 0.699156
5740.251953 0.000000 762.049866 0.000000 0.654955 0.000000 -0.755668 0.707186 0.707186 0.707186
5723.672363 0.000000 775.477234 0.000000 0.517463 0.000000 0.855706 0.689950 0.689950 0.689950
5750.358398 0.000000 768.564758 0.000000 0.960673 0.000000 0.277684 0.699213 0.699213 0.699213
5712.371582 0.000000 785.230103 0.000000 0.321129 0.000000 -0.947035 0.701739 0.701739 0.701739
5716.879395 0.000000 768.166504 0.000000 0.701741 0.000000 0.712432 0.695566 0.695566 0.695566
5742.854980 0.000000 769.240601 0.000000 0.998676 0.000000 0.051437 0.699712 0.699712 0.699712
5724.809570 0.000000 769.536133 0.000000 0.647457 0.000000 0.762102 0.690308 0.690308 0.690308
"}
