object={
	name="tree_pine_01_b_generator_1_0"
	clamp_to_water_level=no
	render_under_water=no
	generated_content=yes
	layer="tree_high_layer"
	pdxmesh="tree_pine_01_b_mesh"
	count=467
	transform="2580.653809 0.000000 1850.608765 0.000000 0.042261 0.000000 -0.999107 0.400000 0.400000 0.400000
2598.639648 0.000000 1843.951050 0.000000 0.691696 0.000000 0.722189 0.400000 0.400000 0.400000
2644.645996 0.000000 1850.608765 0.000000 0.627731 0.000000 0.778431 0.400000 0.400000 0.400000
2660.884766 0.000000 1837.480103 0.000000 0.527533 0.000000 0.849535 0.400000 0.400000 0.400000
2654.994629 0.000000 1847.496338 0.000000 0.215486 0.000000 0.976507 0.400000 0.400000 0.400000
2632.240967 0.000000 1841.430664 0.000000 0.946270 0.000000 0.323377 0.400000 0.400000 0.400000
2654.378662 0.000000 1840.229614 0.000000 0.978102 0.000000 -0.208127 0.400000 0.400000 0.400000
2663.527100 0.000000 1831.001587 0.000000 0.859599 0.000000 0.510970 0.400000 0.400000 0.400000
2641.761230 0.000000 1844.006714 0.000000 0.783797 0.000000 0.621017 0.400000 0.400000 0.400000
2649.384277 0.000000 1847.354370 0.000000 0.057546 0.000000 0.998343 0.400000 0.400000 0.400000
2681.983398 0.000000 1823.551514 0.000000 0.745324 0.000000 -0.666703 0.400000 0.400000 0.400000
2652.348145 0.000000 1843.972168 0.000000 0.991713 0.000000 0.128473 0.400000 0.400000 0.400000
2685.695557 0.000000 1821.463867 0.000000 0.373136 0.000000 0.927777 0.400000 0.400000 0.400000
2581.262207 0.000000 1855.900879 0.000000 0.674058 0.000000 0.738679 0.400000 0.400000 0.400000
2724.876953 0.000000 1837.480103 0.000000 0.836434 0.000000 -0.548067 0.400000 0.400000 0.400000
2714.641602 0.000000 1833.368042 0.000000 0.989394 0.000000 -0.145257 0.400000 0.400000 0.400000
2699.044678 0.000000 1829.370605 0.000000 0.617271 0.000000 0.786750 0.400000 0.400000 0.400000
2687.902588 0.000000 1816.441040 0.000000 0.735180 0.000000 0.677872 0.400000 0.400000 0.400000
2688.385986 0.000000 1825.728149 0.000000 0.937939 0.000000 0.346799 0.400000 0.400000 0.400000
2707.297363 0.000000 1829.781738 0.000000 0.550722 0.000000 -0.834689 0.400000 0.400000 0.400000
2727.519287 0.000000 1831.001587 0.000000 0.987435 0.000000 -0.158027 0.400000 0.400000 0.400000
2732.887695 0.000000 1827.952026 0.000000 0.477982 0.000000 0.878370 0.400000 0.400000 0.400000
2721.339600 0.000000 1832.431030 0.000000 0.453272 0.000000 -0.891372 0.400000 0.400000 0.400000
2695.838623 0.000000 1825.745850 0.000000 0.786565 0.000000 0.617508 0.400000 0.400000 0.400000
2703.040527 0.000000 1832.222412 0.000000 0.412642 0.000000 -0.910893 0.400000 0.400000 0.400000
2713.925293 0.000000 1837.947876 0.000000 0.760719 0.000000 -0.649081 0.400000 0.400000 0.400000
2707.445801 0.000000 1839.900391 0.000000 0.107552 0.000000 0.994200 0.400000 0.400000 0.400000
2767.247559 0.000000 1824.511353 0.000000 0.998612 0.000000 0.052668 0.400000 0.400000 0.400000
2902.622070 0.000000 2014.947510 0.000000 0.921300 0.000000 0.388853 0.400000 0.400000 0.400000
2895.854492 0.000000 2010.103271 0.000000 0.888999 0.000000 0.457910 0.400000 0.400000 0.400000
2228.407959 0.000000 2285.772461 0.000000 0.718943 0.000000 0.695069 0.400000 0.400000 0.400000
2226.910156 0.000000 2294.018555 0.000000 0.670372 0.000000 -0.742025 0.400000 0.400000 0.400000
2296.366943 0.000000 2291.807373 0.000000 0.798176 0.000000 0.602425 0.400000 0.400000 0.400000
2262.700195 0.000000 2270.885010 0.000000 0.083448 0.000000 0.996512 0.400000 0.400000 0.400000
2276.931641 0.000000 2285.370850 0.000000 0.705638 0.000000 -0.708572 0.400000 0.400000 0.400000
2291.423584 0.000000 2276.287598 0.000000 0.165201 0.000000 -0.986260 0.400000 0.400000 0.400000
2264.741943 0.000000 2261.785400 0.000000 0.172272 0.000000 -0.985049 0.400000 0.400000 0.400000
2255.932617 0.000000 2266.040771 0.000000 0.773673 0.000000 -0.633586 0.400000 0.400000 0.400000
2248.528076 0.000000 2259.781250 0.000000 0.823104 0.000000 -0.567891 0.400000 0.400000 0.400000
2300.996826 0.000000 2275.604980 0.000000 0.806043 0.000000 -0.591856 0.400000 0.400000 0.400000
2270.442627 0.000000 2275.261963 0.000000 0.988951 0.000000 0.148240 0.400000 0.400000 0.400000
2293.246094 0.000000 2269.676025 0.000000 0.560685 0.000000 0.828029 0.400000 0.400000 0.400000
2255.310059 0.000000 2272.402100 0.000000 0.027595 0.000000 0.999619 0.400000 0.400000 0.400000
2301.156494 0.000000 2260.276855 0.000000 0.811211 0.000000 0.584754 0.400000 0.400000 0.400000
2273.394287 0.000000 2280.321777 0.000000 0.299166 0.000000 0.954201 0.400000 0.400000 0.400000
2296.420898 0.000000 2279.049316 0.000000 0.684373 0.000000 0.729132 0.400000 0.400000 0.400000
2261.229248 0.000000 2265.717285 0.000000 0.561138 0.000000 0.827722 0.400000 0.400000 0.400000
2265.133789 0.000000 2276.183838 0.000000 0.990573 0.000000 0.136986 0.400000 0.400000 0.400000
2298.030273 0.000000 2271.442139 0.000000 0.179485 0.000000 0.983761 0.400000 0.400000 0.400000
2253.324951 0.000000 2260.236572 0.000000 0.206196 0.000000 -0.978511 0.400000 0.400000 0.400000
2297.396240 0.000000 2287.147949 0.000000 0.196404 0.000000 0.980523 0.400000 0.400000 0.400000
2252.332764 0.000000 2269.086914 0.000000 0.848287 0.000000 -0.529536 0.400000 0.400000 0.400000
2289.627930 0.000000 2272.139160 0.000000 0.709775 0.000000 -0.704429 0.400000 0.400000 0.400000
2270.453125 0.000000 2283.647217 0.000000 0.773759 0.000000 0.633481 0.400000 0.400000 0.400000
2292.643066 0.000000 2273.266113 0.000000 0.883471 0.000000 -0.468486 0.400000 0.400000 0.400000
2340.923828 0.000000 2285.370850 0.000000 0.106489 0.000000 -0.994314 0.400000 0.400000 0.400000
2355.415771 0.000000 2276.287598 0.000000 0.126521 0.000000 -0.991964 0.400000 0.400000 0.400000
2320.785400 0.000000 2256.870605 0.000000 0.132688 0.000000 -0.991158 0.400000 0.400000 0.400000
2362.129639 0.000000 2252.978516 0.000000 0.587853 0.000000 0.808968 0.400000 0.400000 0.400000
2341.066895 0.000000 2272.583496 0.000000 0.035009 0.000000 -0.999387 0.400000 0.400000 0.400000
2328.734131 0.000000 2261.785400 0.000000 0.102684 0.000000 0.994714 0.400000 0.400000 0.400000
2345.260498 0.000000 2255.865234 0.000000 0.877023 0.000000 0.480449 0.400000 0.400000 0.400000
2319.924805 0.000000 2266.040771 0.000000 0.989398 0.000000 -0.145230 0.400000 0.400000 0.400000
2312.520264 0.000000 2259.781250 0.000000 0.808704 0.000000 -0.588216 0.400000 0.400000 0.400000
2332.491455 0.000000 2254.763916 0.000000 0.538651 0.000000 -0.842529 0.400000 0.400000 0.400000
2364.989014 0.000000 2275.604980 0.000000 0.962546 0.000000 0.271119 0.400000 0.400000 0.400000
2334.434814 0.000000 2275.261963 0.000000 0.906533 0.000000 0.422134 0.400000 0.400000 0.400000
2319.302246 0.000000 2272.402100 0.000000 0.973618 0.000000 -0.228182 0.400000 0.400000 0.400000
2337.386475 0.000000 2280.321777 0.000000 0.821524 0.000000 0.570174 0.400000 0.400000 0.400000
2325.221436 0.000000 2265.717285 0.000000 0.471286 0.000000 -0.881980 0.400000 0.400000 0.400000
2310.543457 0.000000 2254.356689 0.000000 0.501002 0.000000 0.865446 0.400000 0.400000 0.400000
2362.022461 0.000000 2271.442139 0.000000 0.139552 0.000000 -0.990215 0.400000 0.400000 0.400000
2323.594727 0.000000 2260.931885 0.000000 0.468113 0.000000 -0.883669 0.400000 0.400000 0.400000
2350.291748 0.000000 2256.783936 0.000000 0.447844 0.000000 -0.894112 0.400000 0.400000 0.400000
2344.877686 0.000000 2269.607910 0.000000 0.999998 0.000000 -0.001934 0.400000 0.400000 0.400000
2349.139648 0.000000 2265.323242 0.000000 0.144969 0.000000 0.989436 0.400000 0.400000 0.400000
2365.734619 0.000000 2269.354492 0.000000 0.584730 0.000000 0.811228 0.400000 0.400000 0.400000
2333.344727 0.000000 2258.867188 0.000000 0.999985 0.000000 -0.005429 0.400000 0.400000 0.400000
2322.667969 0.000000 2269.295898 0.000000 0.165024 0.000000 0.986290 0.400000 0.400000 0.400000
2353.418457 0.000000 2267.836670 0.000000 0.392332 0.000000 0.919824 0.400000 0.400000 0.400000
2366.377930 0.000000 2263.768799 0.000000 0.689016 0.000000 0.724746 0.400000 0.400000 0.400000
2320.327393 0.000000 2262.473389 0.000000 0.172942 0.000000 0.984932 0.400000 0.400000 0.400000
2348.083496 0.000000 2272.525391 0.000000 0.268662 0.000000 0.963235 0.400000 0.400000 0.400000
2352.259277 0.000000 2264.609619 0.000000 0.253486 0.000000 0.967339 0.400000 0.400000 0.400000
2347.428223 0.000000 2258.130127 0.000000 0.973621 0.000000 0.228171 0.400000 0.400000 0.400000
2346.296143 0.000000 2266.889404 0.000000 0.955181 0.000000 0.296021 0.400000 0.400000 0.400000
2367.941650 0.000000 2264.331787 0.000000 0.763495 0.000000 -0.645814 0.400000 0.400000 0.400000
2368.425049 0.000000 2273.618896 0.000000 0.194565 0.000000 -0.980890 0.400000 0.400000 0.400000
2370.028564 0.000000 2248.915039 0.000000 0.691837 0.000000 0.722054 0.400000 0.400000 0.400000
2367.782471 0.000000 2258.030518 0.000000 0.303346 0.000000 0.952881 0.400000 0.400000 0.400000
2177.710449 0.000000 2346.448975 0.000000 0.298660 0.000000 0.954360 0.400000 0.400000 0.400000
2218.719727 0.000000 2311.384033 0.000000 0.416633 0.000000 0.909075 0.400000 0.400000 0.400000
2225.493408 0.000000 2316.919189 0.000000 0.337581 0.000000 0.941297 0.400000 0.400000 0.400000
2217.276123 0.000000 2319.849609 0.000000 0.735822 0.000000 0.677175 0.400000 0.400000 0.400000
2195.359863 0.000000 2341.656738 0.000000 0.069060 0.000000 -0.997613 0.400000 0.400000 0.400000
2223.284668 0.000000 2304.865723 0.000000 0.386580 0.000000 0.922256 0.400000 0.400000 0.400000
2228.618652 0.000000 2310.740723 0.000000 0.501570 0.000000 0.865117 0.400000 0.400000 0.400000
2191.317871 0.000000 2336.386475 0.000000 0.332190 0.000000 0.943212 0.400000 0.400000 0.400000
2220.368164 0.000000 2316.095947 0.000000 0.998741 0.000000 0.050155 0.400000 0.400000 0.400000
2201.923828 0.000000 2331.276855 0.000000 0.624659 0.000000 0.780898 0.400000 0.400000 0.400000
2803.361084 0.000000 2084.334473 0.000000 0.957125 0.000000 -0.289675 0.400000 0.400000 0.400000
2940.199707 0.000000 2492.126953 0.000000 0.306022 0.000000 -0.952024 0.400000 0.400000 0.400000
2944.141846 0.000000 2482.522949 0.000000 0.837117 0.000000 -0.547024 0.400000 0.400000 0.400000
2448.144287 0.000000 2668.717529 0.000000 0.587938 0.000000 0.808906 0.400000 0.400000 0.400000
2469.051270 0.000000 2656.489746 0.000000 0.999902 0.000000 -0.013992 0.400000 0.400000 0.400000
2458.672852 0.000000 2665.164795 0.000000 0.988261 0.000000 0.152774 0.400000 0.400000 0.400000
2440.264404 0.000000 2673.227539 0.000000 0.033113 0.000000 -0.999452 0.400000 0.400000 0.400000
2931.345459 0.000000 2596.209473 0.000000 0.110555 0.000000 -0.993870 0.400000 0.400000 0.400000
2938.059326 0.000000 2572.900391 0.000000 0.409154 0.000000 0.912465 0.400000 0.400000 0.400000
2938.918213 0.000000 2585.968018 0.000000 0.537676 0.000000 0.843152 0.400000 0.400000 0.400000
2925.537842 0.000000 2602.675537 0.000000 0.982632 0.000000 0.185562 0.400000 0.400000 0.400000
2933.167969 0.000000 2589.597900 0.000000 0.127163 0.000000 -0.991882 0.400000 0.400000 0.400000
2941.295898 0.000000 2560.181641 0.000000 0.081224 0.000000 -0.996696 0.400000 0.400000 0.400000
2932.100098 0.000000 2584.477539 0.000000 0.248471 0.000000 0.968639 0.400000 0.400000 0.400000
2872.296631 0.000000 2675.713623 0.000000 0.874072 0.000000 -0.485796 0.400000 0.400000 0.400000
2877.823730 0.000000 2674.445557 0.000000 0.112473 0.000000 0.993655 0.400000 0.400000 0.400000
2879.015137 0.000000 2679.429199 0.000000 0.882892 0.000000 -0.469576 0.400000 0.400000 0.400000
2874.840820 0.000000 2678.920654 0.000000 0.122560 0.000000 -0.992461 0.400000 0.400000 0.400000
2885.210205 0.000000 2681.915283 0.000000 0.995698 0.000000 0.092658 0.400000 0.400000 0.400000
2880.149658 0.000000 2674.476074 0.000000 0.775171 0.000000 0.631751 0.400000 0.400000 0.400000
2885.226318 0.000000 2687.297119 0.000000 0.415769 0.000000 0.909470 0.400000 0.400000 0.400000
2938.059326 0.000000 2764.853516 0.000000 0.938271 0.000000 -0.345902 0.400000 0.400000 0.400000
2949.218506 0.000000 2751.281494 0.000000 0.058048 0.000000 -0.998314 0.400000 0.400000 0.400000
2945.143066 0.000000 2767.184570 0.000000 0.995243 0.000000 -0.097428 0.400000 0.400000 0.400000
2953.316162 0.000000 2761.573486 0.000000 0.139526 0.000000 0.990218 0.400000 0.400000 0.400000
2963.266113 0.000000 2789.547363 0.000000 0.208825 0.000000 -0.977953 0.400000 0.400000 0.400000
2945.958252 0.000000 2760.790039 0.000000 0.850886 0.000000 -0.525351 0.400000 0.400000 0.400000
2950.429199 0.000000 2756.015625 0.000000 0.623868 0.000000 0.781530 0.400000 0.400000 0.400000
2945.985596 0.000000 2771.906494 0.000000 0.874885 0.000000 -0.484330 0.400000 0.400000 0.400000
2962.393066 0.000000 2793.686768 0.000000 0.275738 0.000000 -0.961233 0.400000 0.400000 0.400000
2956.149170 0.000000 2804.217529 0.000000 0.983085 0.000000 -0.183150 0.400000 0.400000 0.400000
2660.884766 0.000000 2925.214600 0.000000 0.014132 0.000000 -0.999900 0.400000 0.400000 0.400000
2650.649414 0.000000 2921.102295 0.000000 0.837451 0.000000 0.546512 0.400000 0.400000 0.400000
2665.221436 0.000000 2895.708984 0.000000 0.632566 0.000000 0.774506 0.400000 0.400000 0.400000
2663.607666 0.000000 2904.880615 0.000000 0.986398 0.000000 0.164373 0.400000 0.400000 0.400000
2654.378662 0.000000 2927.964111 0.000000 0.782230 0.000000 0.622990 0.400000 0.400000 0.400000
2663.527100 0.000000 2918.736084 0.000000 0.291308 0.000000 0.956629 0.400000 0.400000 0.400000
2668.895508 0.000000 2915.686523 0.000000 0.037998 0.000000 -0.999278 0.400000 0.400000 0.400000
2657.347412 0.000000 2920.165527 0.000000 0.718049 0.000000 0.695993 0.400000 0.400000 0.400000
2664.838623 0.000000 2909.451660 0.000000 0.824179 0.000000 -0.566330 0.400000 0.400000 0.400000
2654.406250 0.000000 2923.490967 0.000000 0.707692 0.000000 -0.706521 0.400000 0.400000 0.400000
2667.481689 0.000000 2919.375488 0.000000 0.764794 0.000000 -0.644275 0.400000 0.400000 0.400000
2668.044434 0.000000 2912.369141 0.000000 0.907014 0.000000 -0.421100 0.400000 0.400000 0.400000
2658.431396 0.000000 2923.325684 0.000000 0.880047 0.000000 0.474887 0.400000 0.400000 0.400000
2666.097168 0.000000 2916.630859 0.000000 0.170146 0.000000 -0.985419 0.400000 0.400000 0.400000
2597.035645 0.000000 2976.411621 0.000000 0.846528 0.000000 0.532344 0.400000 0.400000 0.400000
2618.957275 0.000000 2969.874268 0.000000 0.999973 0.000000 -0.007331 0.400000 0.400000 0.400000
2605.825439 0.000000 2973.567627 0.000000 0.741208 0.000000 0.671275 0.400000 0.400000 0.400000
2612.139160 0.000000 2968.383789 0.000000 0.274927 0.000000 -0.961465 0.400000 0.400000 0.400000
2640.272705 0.000000 2947.035889 0.000000 0.458468 0.000000 0.888711 0.400000 0.400000 0.400000
2772.630371 0.000000 3002.327637 0.000000 0.267177 0.000000 -0.963647 0.400000 0.400000 0.400000
2788.869141 0.000000 2989.198975 0.000000 0.385805 0.000000 -0.922580 0.400000 0.400000 0.400000
2812.934326 0.000000 2979.433105 0.000000 0.378195 0.000000 -0.925726 0.400000 0.400000 0.400000
2768.036865 0.000000 3005.422607 0.000000 0.835415 0.000000 0.549619 0.400000 0.400000 0.400000
2777.368652 0.000000 2999.072998 0.000000 0.882799 0.000000 0.469750 0.400000 0.400000 0.400000
2780.332520 0.000000 2995.690918 0.000000 0.520713 0.000000 0.853732 0.400000 0.400000 0.400000
2746.082764 0.000000 3020.791016 0.000000 0.959969 0.000000 -0.280107 0.400000 0.400000 0.400000
2749.453369 0.000000 3023.731689 0.000000 0.363121 0.000000 0.931742 0.400000 0.400000 0.400000
2750.857910 0.000000 3014.168457 0.000000 0.490181 0.000000 0.871621 0.400000 0.400000 0.400000
2750.528809 0.000000 3020.656494 0.000000 0.078446 0.000000 0.996918 0.400000 0.400000 0.400000
2772.630371 0.000000 3066.312012 0.000000 0.998680 0.000000 0.051354 0.400000 0.400000 0.400000
2753.166504 0.000000 3023.122070 0.000000 0.958596 0.000000 0.284770 0.400000 0.400000 0.400000
2763.045898 0.000000 3008.052490 0.000000 0.891158 0.000000 0.453694 0.400000 0.400000 0.400000
2810.074951 0.000000 3020.791016 0.000000 0.860006 0.000000 0.510283 0.400000 0.400000 0.400000
2810.933838 0.000000 3033.858643 0.000000 0.809808 0.000000 -0.586695 0.400000 0.400000 0.400000
2782.979004 0.000000 3063.199463 0.000000 0.391261 0.000000 -0.920280 0.400000 0.400000 0.400000
2761.339600 0.000000 3017.510986 0.000000 0.903919 0.000000 0.427704 0.400000 0.400000 0.400000
2773.238770 0.000000 3007.619629 0.000000 0.728155 0.000000 -0.685412 0.400000 0.400000 0.400000
2812.121826 0.000000 3051.075195 0.000000 0.817174 0.000000 0.576392 0.400000 0.400000 0.400000
2807.035889 0.000000 3027.791992 0.000000 0.296710 0.000000 -0.954968 0.400000 0.400000 0.400000
2805.183594 0.000000 3037.488525 0.000000 0.869483 0.000000 0.493963 0.400000 0.400000 0.400000
2753.981689 0.000000 3016.727539 0.000000 0.195460 0.000000 0.980712 0.400000 0.400000 0.400000
2758.452637 0.000000 3011.953125 0.000000 0.366934 0.000000 0.930247 0.400000 0.400000 0.400000
2763.767578 0.000000 3012.871826 0.000000 0.990316 0.000000 0.138834 0.400000 0.400000 0.400000
2805.776855 0.000000 3023.046631 0.000000 0.920597 0.000000 0.390514 0.400000 0.400000 0.400000
2815.253418 0.000000 3054.115967 0.000000 0.088412 0.000000 0.996084 0.400000 0.400000 0.400000
2751.785156 0.000000 3019.753174 0.000000 0.321071 0.000000 -0.947055 0.400000 0.400000 0.400000
2760.885010 0.000000 3014.165527 0.000000 0.896089 0.000000 -0.443875 0.400000 0.400000 0.400000
2766.071777 0.000000 3008.833740 0.000000 0.996423 0.000000 -0.084507 0.400000 0.400000 0.400000
2964.606934 0.000000 2938.343262 0.000000 0.623304 0.000000 0.781980 0.400000 0.400000 0.400000
2961.722168 0.000000 2931.740967 0.000000 0.912961 0.000000 -0.408046 0.400000 0.400000 0.400000
2969.345215 0.000000 2935.088623 0.000000 0.931882 0.000000 -0.362762 0.400000 0.400000 0.400000
2968.836914 0.000000 2939.381592 0.000000 0.606827 0.000000 -0.794834 0.400000 0.400000 0.400000
3064.273193 0.000000 2931.651123 0.000000 0.705850 0.000000 -0.708361 0.400000 0.400000 0.400000
3038.947754 0.000000 2935.230713 0.000000 0.990666 0.000000 -0.136312 0.400000 0.400000 0.400000
3031.303955 0.000000 2929.712402 0.000000 0.996428 0.000000 -0.084446 0.400000 0.400000 0.400000
3053.522217 0.000000 2922.597412 0.000000 0.698767 0.000000 0.715349 0.400000 0.400000 0.400000
3036.137207 0.000000 2942.270264 0.000000 0.963542 0.000000 -0.267559 0.400000 0.400000 0.400000
3070.991699 0.000000 2935.366699 0.000000 0.604326 0.000000 0.796737 0.400000 0.400000 0.400000
3055.875732 0.000000 2927.495850 0.000000 0.729195 0.000000 0.684306 0.400000 0.400000 0.400000
3051.434814 0.000000 2919.375488 0.000000 0.988038 0.000000 -0.154212 0.400000 0.400000 0.400000
2817.632324 0.000000 2986.292725 0.000000 0.853894 0.000000 0.520447 0.400000 0.400000 0.400000
2821.218018 0.000000 3001.837158 0.000000 0.958786 0.000000 0.284128 0.400000 0.400000 0.400000
2824.217529 0.000000 2993.149414 0.000000 0.587418 0.000000 0.809284 0.400000 0.400000 0.400000
2816.370361 0.000000 2977.447021 0.000000 0.914965 0.000000 -0.403533 0.400000 0.400000 0.400000
2823.913330 0.000000 2986.773682 0.000000 0.663649 0.000000 -0.748044 0.400000 0.400000 0.400000
2820.909180 0.000000 2981.313477 0.000000 0.280533 0.000000 0.959844 0.400000 0.400000 0.400000
2820.567871 0.000000 2996.702148 0.000000 0.672238 0.000000 -0.740335 0.400000 0.400000 0.400000
2819.913818 0.000000 2990.642334 0.000000 0.106561 0.000000 0.994306 0.400000 0.400000 0.400000
2820.925049 0.000000 2984.955566 0.000000 0.979977 0.000000 0.199108 0.400000 0.400000 0.400000
2823.239258 0.000000 2989.929688 0.000000 0.034838 0.000000 -0.999393 0.400000 0.400000 0.400000
2815.731201 0.000000 2974.356689 0.000000 0.168852 0.000000 -0.985641 0.400000 0.400000 0.400000
2818.464600 0.000000 2983.223389 0.000000 0.990652 0.000000 -0.136415 0.400000 0.400000 0.400000
2820.340820 0.000000 2987.802246 0.000000 0.995408 0.000000 -0.095724 0.400000 0.400000 0.400000
2823.197266 0.000000 2995.889648 0.000000 0.846571 0.000000 0.532276 0.400000 0.400000 0.400000
2900.614746 0.000000 3002.327637 0.000000 0.453201 0.000000 -0.891408 0.400000 0.400000 0.400000
2910.963379 0.000000 2999.215088 0.000000 0.752487 0.000000 -0.658607 0.400000 0.400000 0.400000
2940.106201 0.000000 2987.090820 0.000000 0.948520 0.000000 0.316718 0.400000 0.400000 0.400000
2903.319580 0.000000 2993.696777 0.000000 0.506070 0.000000 0.862492 0.400000 0.400000 0.400000
2941.078369 0.000000 2964.104980 0.000000 0.741491 0.000000 -0.670962 0.400000 0.400000 0.400000
2896.021240 0.000000 3005.422607 0.000000 0.564463 0.000000 0.825458 0.400000 0.400000 0.400000
2885.226318 0.000000 3007.218994 0.000000 0.476581 0.000000 -0.879130 0.400000 0.400000 0.400000
2910.375000 0.000000 2987.475342 0.000000 0.895284 0.000000 -0.445496 0.400000 0.400000 0.400000
2906.594482 0.000000 2992.782471 0.000000 0.993611 0.000000 0.112857 0.400000 0.400000 0.400000
2938.059326 0.000000 3020.791016 0.000000 0.898331 0.000000 -0.439320 0.400000 0.400000 0.400000
2902.376221 0.000000 3021.585449 0.000000 0.124832 0.000000 -0.992178 0.400000 0.400000 0.400000
2891.751953 0.000000 3012.871826 0.000000 0.982757 0.000000 0.184901 0.400000 0.400000 0.400000
2898.023438 0.000000 3020.573730 0.000000 0.369538 0.000000 0.929216 0.400000 0.400000 0.400000
2945.143066 0.000000 2959.137695 0.000000 0.907714 0.000000 0.419589 0.400000 0.400000 0.400000
2945.616699 0.000000 2986.292725 0.000000 0.971023 0.000000 0.238985 0.400000 0.400000 0.400000
2944.141846 0.000000 2994.397949 0.000000 0.118333 0.000000 -0.992974 0.400000 0.400000 0.400000
2974.356689 0.000000 2979.090088 0.000000 0.040479 0.000000 -0.999180 0.400000 0.400000 0.400000
2959.224121 0.000000 2976.230225 0.000000 0.728675 0.000000 0.684859 0.400000 0.400000 0.400000
2973.145264 0.000000 2945.004883 0.000000 0.917312 0.000000 -0.398169 0.400000 0.400000 0.400000
2947.898193 0.000000 2990.642334 0.000000 0.903148 0.000000 -0.429330 0.400000 0.400000 0.400000
2945.985596 0.000000 2963.859619 0.000000 0.999978 0.000000 0.006590 0.400000 0.400000 0.400000
2943.674805 0.000000 2982.082520 0.000000 0.770452 0.000000 0.637498 0.400000 0.400000 0.400000
2956.246826 0.000000 2972.915039 0.000000 0.211317 0.000000 -0.977418 0.400000 0.400000 0.400000
2963.189209 0.000000 2977.408447 0.000000 0.994162 0.000000 -0.107897 0.400000 0.400000 0.400000
3062.686279 0.000000 2944.033447 0.000000 0.439508 0.000000 0.898238 0.400000 0.400000 0.400000
3019.014648 0.000000 2944.068115 0.000000 0.879479 0.000000 -0.475937 0.400000 0.400000 0.400000
3024.699463 0.000000 2960.698730 0.000000 0.899498 0.000000 -0.436925 0.400000 0.400000 0.400000
3017.308350 0.000000 2953.526611 0.000000 0.781882 0.000000 0.623426 0.400000 0.400000 0.400000
3037.137451 0.000000 2945.004883 0.000000 0.809730 0.000000 0.586802 0.400000 0.400000 0.400000
3014.421387 0.000000 2947.968750 0.000000 0.820220 0.000000 -0.572049 0.400000 0.400000 0.400000
3019.490723 0.000000 2958.709961 0.000000 0.754371 0.000000 -0.656449 0.400000 0.400000 0.400000
3022.372559 0.000000 2954.446289 0.000000 0.857830 0.000000 0.513933 0.400000 0.400000 0.400000
3019.736328 0.000000 2948.887451 0.000000 0.390002 0.000000 -0.920814 0.400000 0.400000 0.400000
3034.659180 0.000000 2947.828369 0.000000 0.828332 0.000000 0.560237 0.400000 0.400000 0.400000
2945.143066 0.000000 3023.122070 0.000000 0.296324 0.000000 -0.955087 0.400000 0.400000 0.400000
2960.707275 0.000000 3024.683105 0.000000 0.210382 0.000000 0.977619 0.400000 0.400000 0.400000
3137.119629 0.000000 2447.262695 0.000000 0.317201 0.000000 0.948358 0.400000 0.400000 0.400000
3158.590820 0.000000 2462.838135 0.000000 0.927883 0.000000 0.372872 0.400000 0.400000 0.400000
3156.583496 0.000000 2554.437012 0.000000 0.221938 0.000000 0.975061 0.400000 0.400000 0.400000
3192.257568 0.000000 2547.744873 0.000000 0.990667 0.000000 0.136306 0.400000 0.400000 0.400000
3146.999023 0.000000 2496.177490 0.000000 0.462394 0.000000 0.886674 0.400000 0.400000 0.400000
3175.938965 0.000000 2557.331299 0.000000 0.999478 0.000000 -0.032302 0.400000 0.400000 0.400000
3152.683838 0.000000 2512.808105 0.000000 0.929281 0.000000 0.369375 0.400000 0.400000 0.400000
3166.932129 0.000000 2551.324463 0.000000 0.984929 0.000000 -0.172960 0.400000 0.400000 0.400000
3196.074951 0.000000 2539.200195 0.000000 0.991725 0.000000 -0.128383 0.400000 0.400000 0.400000
3230.924316 0.000000 2551.324463 0.000000 0.993071 0.000000 -0.117520 0.400000 0.400000 0.400000
3223.280518 0.000000 2545.806152 0.000000 0.985044 0.000000 0.172304 0.400000 0.400000 0.400000
3302.553711 0.000000 2547.779053 0.000000 0.683553 0.000000 0.729901 0.400000 0.400000 0.400000
3321.271240 0.000000 2543.085449 0.000000 0.997649 0.000000 0.068535 0.400000 0.400000 0.400000
3323.328125 0.000000 2541.580566 0.000000 0.115705 0.000000 -0.993284 0.400000 0.400000 0.400000
3547.937500 0.000000 2311.102295 0.000000 0.461731 0.000000 -0.887020 0.400000 0.400000 0.400000
3536.636963 0.000000 2320.854980 0.000000 0.712456 0.000000 -0.701717 0.400000 0.400000 0.400000
3553.359619 0.000000 2324.349365 0.000000 0.959266 0.000000 0.282506 0.400000 0.400000 0.400000
3548.343018 0.000000 2318.748291 0.000000 0.664549 0.000000 0.747244 0.400000 0.400000 0.400000
3547.937500 0.000000 2375.086670 0.000000 0.921621 0.000000 -0.388091 0.400000 0.400000 0.400000
3350.567383 0.000000 2526.822510 0.000000 0.928354 0.000000 -0.371696 0.400000 0.400000 0.400000
3329.569824 0.000000 2538.402100 0.000000 0.184245 0.000000 0.982880 0.400000 0.400000 0.400000
3338.966553 0.000000 2533.198730 0.000000 0.880368 0.000000 -0.474291 0.400000 0.400000 0.400000
3347.219238 0.000000 2533.609863 0.000000 0.479484 0.000000 -0.877550 0.400000 0.400000 0.400000
3356.098145 0.000000 2558.364014 0.000000 0.996981 0.000000 0.077644 0.400000 0.400000 0.400000
3343.966553 0.000000 2557.531982 0.000000 0.996159 0.000000 -0.087559 0.400000 0.400000 0.400000
3347.142334 0.000000 2529.517822 0.000000 0.420000 0.000000 0.907524 0.400000 0.400000 0.400000
3343.376221 0.000000 2532.289062 0.000000 0.781686 0.000000 0.623673 0.400000 0.400000 0.400000
3644.832764 0.000000 2339.589355 0.000000 0.960826 0.000000 -0.277151 0.400000 0.400000 0.400000
3668.520996 0.000000 2362.483887 0.000000 0.618589 0.000000 -0.785715 0.400000 0.400000 0.400000
3655.721924 0.000000 2332.761963 0.000000 0.886803 0.000000 0.462148 0.400000 0.400000 0.400000
3674.524414 0.000000 2345.242920 0.000000 0.807655 0.000000 0.589655 0.400000 0.400000 0.400000
3678.869629 0.000000 2359.371338 0.000000 0.758186 0.000000 0.652039 0.400000 0.400000 0.400000
3658.927490 0.000000 2341.245605 0.000000 0.970473 0.000000 -0.241211 0.400000 0.400000 0.400000
3648.268799 0.000000 2337.603271 0.000000 0.880983 0.000000 0.473148 0.400000 0.400000 0.400000
3671.225830 0.000000 2353.853027 0.000000 0.992332 0.000000 -0.123604 0.400000 0.400000 0.400000
3667.180176 0.000000 2341.656738 0.000000 0.285743 0.000000 0.958306 0.400000 0.400000 0.400000
3678.253662 0.000000 2352.104736 0.000000 0.767958 0.000000 0.640501 0.400000 0.400000 0.400000
3652.807617 0.000000 2341.469727 0.000000 0.093757 0.000000 -0.995595 0.400000 0.400000 0.400000
3655.721436 0.000000 2337.620850 0.000000 0.579956 0.000000 0.814648 0.400000 0.400000 0.400000
3593.238037 0.000000 2377.667236 0.000000 0.979878 0.000000 0.199596 0.400000 0.400000 0.400000
3592.364014 0.000000 2387.750000 0.000000 0.912565 0.000000 -0.408932 0.400000 0.400000 0.400000
3670.528320 0.000000 2398.853760 0.000000 0.984015 0.000000 0.178084 0.400000 0.400000 0.400000
3681.343994 0.000000 2388.333740 0.000000 0.286683 0.000000 0.958025 0.400000 0.400000 0.400000
3672.570068 0.000000 2389.754150 0.000000 0.992332 0.000000 0.123604 0.400000 0.400000 0.400000
3768.187256 0.000000 2419.776123 0.000000 0.206980 0.000000 0.978345 0.400000 0.400000 0.400000
3772.098145 0.000000 2428.142578 0.000000 0.996414 0.000000 0.084613 0.400000 0.400000 0.400000
3777.515137 0.000000 2410.433350 0.000000 0.988127 0.000000 0.153642 0.400000 0.400000 0.400000
3776.253174 0.000000 2401.587646 0.000000 0.259177 0.000000 -0.965830 0.400000 0.400000 0.400000
3766.600342 0.000000 2432.158447 0.000000 0.283151 0.000000 0.959076 0.400000 0.400000 0.400000
3146.999023 0.000000 2560.161865 0.000000 0.800798 0.000000 0.598935 0.400000 0.400000 0.400000
3220.575684 0.000000 2618.421387 0.000000 0.816900 0.000000 0.576779 0.400000 0.400000 0.400000
3201.111816 0.000000 2575.231445 0.000000 0.949935 0.000000 0.312448 0.400000 0.400000 0.400000
3236.814453 0.000000 2605.292725 0.000000 0.465565 0.000000 -0.885014 0.400000 0.400000 0.400000
3210.991211 0.000000 2560.161865 0.000000 0.971691 0.000000 -0.236254 0.400000 0.400000 0.400000
3216.676025 0.000000 2576.792480 0.000000 0.891393 0.000000 0.453231 0.400000 0.400000 0.400000
3207.776611 0.000000 2588.699463 0.000000 0.483968 0.000000 -0.875086 0.400000 0.400000 0.400000
3199.982178 0.000000 2562.668213 0.000000 0.991842 0.000000 0.127470 0.400000 0.400000 0.400000
3226.579102 0.000000 2601.180420 0.000000 0.908143 0.000000 -0.418659 0.400000 0.400000 0.400000
3209.284912 0.000000 2569.620361 0.000000 0.579412 0.000000 -0.815035 0.400000 0.400000 0.400000
3221.184082 0.000000 2559.729004 0.000000 0.400030 0.000000 0.916502 0.400000 0.400000 0.400000
3210.982178 0.000000 2597.183105 0.000000 0.705877 0.000000 0.708335 0.400000 0.400000 0.400000
3215.815430 0.000000 2585.962646 0.000000 0.519690 0.000000 -0.854355 0.400000 0.400000 0.400000
3219.234863 0.000000 2597.594238 0.000000 0.916318 0.000000 -0.400451 0.400000 0.400000 0.400000
3230.325439 0.000000 2595.183838 0.000000 0.261273 0.000000 -0.965265 0.400000 0.400000 0.400000
3215.192871 0.000000 2592.323975 0.000000 0.508289 0.000000 0.861186 0.400000 0.400000 0.400000
3206.397949 0.000000 2564.062500 0.000000 0.042444 0.000000 0.999099 0.400000 0.400000 0.400000
3216.202393 0.000000 2563.129639 0.000000 0.520255 0.000000 -0.854011 0.400000 0.400000 0.400000
3212.215576 0.000000 2589.008789 0.000000 0.410902 0.000000 0.911680 0.400000 0.400000 0.400000
3311.879883 0.000000 2581.318359 0.000000 0.991375 0.000000 0.131057 0.400000 0.400000 0.400000
3316.053223 0.000000 2584.477539 0.000000 0.613713 0.000000 0.789529 0.400000 0.400000 0.400000
3132.176270 0.000000 2812.048828 0.000000 0.568666 0.000000 0.822569 0.400000 0.400000 0.400000
3175.938965 0.000000 2813.268799 0.000000 0.959133 0.000000 -0.282955 0.400000 0.400000 0.400000
3152.058350 0.000000 2796.686279 0.000000 0.999937 0.000000 0.011242 0.400000 0.400000 0.400000
3164.121582 0.000000 2814.301514 0.000000 0.836785 0.000000 -0.547532 0.400000 0.400000 0.400000
3135.719482 0.000000 2812.399658 0.000000 0.085548 0.000000 0.996334 0.400000 0.400000 0.400000
3169.868408 0.000000 2812.481201 0.000000 0.940436 0.000000 -0.339970 0.400000 0.400000 0.400000
3355.960938 0.000000 2567.039795 0.000000 0.991738 0.000000 -0.128279 0.400000 0.400000 0.400000
3361.383057 0.000000 2580.286865 0.000000 0.713287 0.000000 -0.700872 0.400000 0.400000 0.400000
3356.366455 0.000000 2574.685791 0.000000 0.719266 0.000000 0.694735 0.400000 0.400000 0.400000
3380.478027 0.000000 2566.678223 0.000000 0.340785 0.000000 0.940141 0.400000 0.400000 0.400000
3350.321533 0.000000 2573.694824 0.000000 0.944796 0.000000 0.327660 0.400000 0.400000 0.400000
3357.098389 0.000000 2561.098633 0.000000 0.962444 0.000000 0.271481 0.400000 0.400000 0.400000
3351.075439 0.000000 2564.677979 0.000000 0.626311 0.000000 -0.779573 0.400000 0.400000 0.400000
3375.447021 0.000000 2568.249268 0.000000 0.381917 0.000000 0.924197 0.400000 0.400000 0.400000
3351.883301 0.000000 2569.298584 0.000000 0.854283 0.000000 0.519808 0.400000 0.400000 0.400000
3345.123779 0.000000 2559.380859 0.000000 0.997626 0.000000 0.068871 0.400000 0.400000 0.400000
3354.922607 0.000000 2571.267578 0.000000 0.282037 0.000000 0.959404 0.400000 0.400000 0.400000
3362.791992 0.000000 2567.261230 0.000000 0.977865 0.000000 -0.209236 0.400000 0.400000 0.400000
3411.224854 0.000000 2632.383057 0.000000 0.985533 0.000000 0.169484 0.400000 0.400000 0.400000
3348.560059 0.000000 2810.374512 0.000000 0.948694 0.000000 0.316196 0.400000 0.400000 0.400000
3367.915527 0.000000 2813.268799 0.000000 0.338302 0.000000 0.941038 0.400000 0.400000 0.400000
3356.098145 0.000000 2814.301514 0.000000 0.403175 0.000000 0.915123 0.400000 0.400000 0.400000
3361.844971 0.000000 2812.481201 0.000000 0.354212 0.000000 -0.935165 0.400000 0.400000 0.400000
3192.257568 0.000000 2867.666748 0.000000 0.521010 0.000000 0.853551 0.400000 0.400000 0.400000
3172.822266 0.000000 2861.230225 0.000000 0.987914 0.000000 -0.155005 0.400000 0.400000 0.400000
3135.989990 0.000000 2818.605713 0.000000 0.980800 0.000000 -0.195015 0.400000 0.400000 0.400000
3181.260742 0.000000 2867.767822 0.000000 0.488175 0.000000 -0.872746 0.400000 0.400000 0.400000
3171.113281 0.000000 2815.875000 0.000000 0.998663 0.000000 -0.051699 0.400000 0.400000 0.400000
3183.167480 0.000000 2816.740723 0.000000 0.976035 0.000000 0.217615 0.400000 0.400000 0.400000
3166.316162 0.000000 2863.979736 0.000000 0.999271 0.000000 -0.038186 0.400000 0.400000 0.400000
3175.464600 0.000000 2854.751709 0.000000 0.147337 0.000000 0.989086 0.400000 0.400000 0.400000
3174.569336 0.000000 2867.700928 0.000000 0.212483 0.000000 -0.977165 0.400000 0.400000 0.400000
3186.792969 0.000000 2869.877930 0.000000 0.069959 0.000000 0.997550 0.400000 0.400000 0.400000
3177.052246 0.000000 2817.383789 0.000000 0.298802 0.000000 0.954315 0.400000 0.400000 0.400000
3197.784668 0.000000 2866.398682 0.000000 0.793290 0.000000 0.608844 0.400000 0.400000 0.400000
3159.098877 0.000000 2820.615479 0.000000 0.084813 0.000000 0.996397 0.400000 0.400000 0.400000
3176.976318 0.000000 2858.836182 0.000000 0.496131 0.000000 -0.868247 0.400000 0.400000 0.400000
3139.786133 0.000000 2816.566162 0.000000 0.520549 0.000000 0.853832 0.400000 0.400000 0.400000
3161.075684 0.000000 2816.975098 0.000000 0.999944 0.000000 -0.010567 0.400000 0.400000 0.400000
3077.186768 0.000000 2937.852783 0.000000 0.993609 0.000000 0.112876 0.400000 0.400000 0.400000
3085.052734 0.000000 2935.744873 0.000000 0.868395 0.000000 -0.495874 0.400000 0.400000 0.400000
3081.987061 0.000000 2940.994873 0.000000 0.991927 0.000000 0.126808 0.400000 0.400000 0.400000
3089.001709 0.000000 2936.613037 0.000000 0.988482 0.000000 -0.151336 0.400000 0.400000 0.400000
3085.246338 0.000000 2939.316895 0.000000 0.996709 0.000000 0.081068 0.400000 0.400000 0.400000
3207.776611 0.000000 2844.636963 0.000000 0.189943 0.000000 0.981795 0.400000 0.400000 0.400000
3230.924316 0.000000 2871.246338 0.000000 0.887056 0.000000 0.461662 0.400000 0.400000 0.400000
3260.160645 0.000000 2876.033203 0.000000 0.999973 0.000000 0.007290 0.400000 0.400000 0.400000
3249.971436 0.000000 2875.705078 0.000000 0.748944 0.000000 0.662633 0.400000 0.400000 0.400000
3210.982178 0.000000 2853.120605 0.000000 0.210705 0.000000 -0.977550 0.400000 0.400000 0.400000
3228.113770 0.000000 2878.285889 0.000000 0.863182 0.000000 0.504893 0.400000 0.400000 0.400000
3230.308350 0.000000 2863.979736 0.000000 0.746005 0.000000 0.665940 0.400000 0.400000 0.400000
3207.776123 0.000000 2849.495850 0.000000 0.987896 0.000000 0.155120 0.400000 0.400000 0.400000
3211.209961 0.000000 2856.893311 0.000000 0.955708 0.000000 0.294317 0.400000 0.400000 0.400000
3257.129395 0.000000 2877.646973 0.000000 0.980749 0.000000 0.195272 0.400000 0.400000 0.400000
3235.105469 0.000000 2879.859375 0.000000 0.523863 0.000000 0.851802 0.400000 0.400000 0.400000
3247.159668 0.000000 2880.725098 0.000000 0.225214 0.000000 0.974309 0.400000 0.400000 0.400000
3237.036621 0.000000 2885.041016 0.000000 0.746738 0.000000 -0.665118 0.400000 0.400000 0.400000
3313.360596 0.000000 2892.778564 0.000000 0.534403 0.000000 -0.845230 0.400000 0.400000 0.400000
3083.006836 0.000000 2944.068115 0.000000 0.808247 0.000000 -0.588843 0.400000 0.400000 0.400000
3093.127686 0.000000 3033.529785 0.000000 0.719561 0.000000 -0.694429 0.400000 0.400000 0.400000
3329.569824 0.000000 2858.323975 0.000000 0.670308 0.000000 -0.742083 0.400000 0.400000 0.400000
3344.660400 0.000000 2832.729980 0.000000 0.158551 0.000000 0.987351 0.400000 0.400000 0.400000
3370.579102 0.000000 2823.259033 0.000000 0.533811 0.000000 -0.845604 0.400000 0.400000 0.400000
3363.089844 0.000000 2815.875000 0.000000 0.999935 0.000000 0.011411 0.400000 0.400000 0.400000
3349.168457 0.000000 2815.666504 0.000000 0.841501 0.000000 -0.540256 0.400000 0.400000 0.400000
3369.135498 0.000000 2831.724609 0.000000 0.971781 0.000000 -0.235885 0.400000 0.400000 0.400000
3372.809570 0.000000 2851.702148 0.000000 0.882168 0.000000 -0.470935 0.400000 0.400000 0.400000
3343.966553 0.000000 2877.453857 0.000000 0.048512 0.000000 0.998823 0.400000 0.400000 0.400000
3365.020996 0.000000 2821.056641 0.000000 0.732971 0.000000 -0.680260 0.400000 0.400000 0.400000
3331.851318 0.000000 2862.673584 0.000000 0.958066 0.000000 -0.286547 0.400000 0.400000 0.400000
3345.123779 0.000000 2815.318359 0.000000 0.012960 0.000000 0.999916 0.400000 0.400000 0.400000
3355.960938 0.000000 2886.961670 0.000000 0.698737 0.000000 0.715379 0.400000 0.400000 0.400000
3327.966553 0.000000 2882.590088 0.000000 0.032244 0.000000 0.999480 0.400000 0.400000 0.400000
3550.269287 0.000000 2991.948486 0.000000 0.999623 0.000000 -0.027473 0.400000 0.400000 0.400000
2515.320801 0.000000 3109.469238 0.000000 0.478426 0.000000 0.878128 0.400000 0.400000 0.400000
2548.368896 0.000000 3117.569336 0.000000 0.939986 0.000000 -0.341214 0.400000 0.400000 0.400000
2500.948242 0.000000 3109.282227 0.000000 0.617996 0.000000 -0.786181 0.400000 0.400000 0.400000
2552.389648 0.000000 3110.846191 0.000000 0.362415 0.000000 0.932017 0.400000 0.400000 0.400000
2517.760254 0.000000 3115.872803 0.000000 0.447093 0.000000 -0.894487 0.400000 0.400000 0.400000
2511.063965 0.000000 3111.909912 0.000000 0.677183 0.000000 0.735814 0.400000 0.400000 0.400000
2504.133057 0.000000 3111.175537 0.000000 0.131909 0.000000 -0.991262 0.400000 0.400000 0.400000
2509.264160 0.000000 3110.201172 0.000000 0.832541 0.000000 0.553964 0.400000 0.400000 0.400000
2512.956787 0.000000 3110.219238 0.000000 0.899163 0.000000 -0.437613 0.400000 0.400000 0.400000
2552.335693 0.000000 3187.588623 0.000000 0.204224 0.000000 0.978924 0.400000 0.400000 0.400000
2556.153076 0.000000 3179.043945 0.000000 0.977449 0.000000 0.211171 0.400000 0.400000 0.400000
2546.057373 0.000000 3195.626953 0.000000 0.945953 0.000000 -0.324304 0.400000 0.400000 0.400000
2552.389648 0.000000 3174.830566 0.000000 0.700221 0.000000 0.713926 0.400000 0.400000 0.400000
2540.642090 0.000000 3193.456055 0.000000 0.383070 0.000000 -0.923719 0.400000 0.400000 0.400000
2543.938232 0.000000 3183.433350 0.000000 0.981579 0.000000 -0.191059 0.400000 0.400000 0.400000
2548.204590 0.000000 3185.780029 0.000000 0.520175 0.000000 -0.854060 0.400000 0.400000 0.400000
2558.005859 0.000000 3175.379639 0.000000 0.604817 0.000000 0.796364 0.400000 0.400000 0.400000
2551.983643 0.000000 3178.992432 0.000000 0.994031 0.000000 0.109099 0.400000 0.400000 0.400000
2545.454346 0.000000 3212.700439 0.000000 0.848918 0.000000 -0.528524 0.400000 0.400000 0.400000
2543.245605 0.000000 3200.646973 0.000000 0.861139 0.000000 0.508370 0.400000 0.400000 0.400000
2546.915039 0.000000 3202.667969 0.000000 0.185499 0.000000 0.982644 0.400000 0.400000 0.400000
2561.663574 0.000000 3178.245850 0.000000 0.998764 0.000000 0.049709 0.400000 0.400000 0.400000
2559.721680 0.000000 3174.035645 0.000000 0.609473 0.000000 -0.792807 0.400000 0.400000 0.400000
2680.320068 0.000000 3187.588623 0.000000 0.603628 0.000000 -0.797266 0.400000 0.400000 0.400000
2669.323242 0.000000 3187.689697 0.000000 0.122960 0.000000 0.992412 0.400000 0.400000 0.400000
2684.137451 0.000000 3179.043945 0.000000 0.378654 0.000000 -0.925538 0.400000 0.400000 0.400000
2674.041748 0.000000 3195.626953 0.000000 0.261451 0.000000 0.965217 0.400000 0.400000 0.400000
2676.353271 0.000000 3181.553711 0.000000 0.968782 0.000000 0.247915 0.400000 0.400000 0.400000
2799.942383 0.000000 3093.193359 0.000000 0.715287 0.000000 0.698831 0.400000 0.400000 0.400000
2780.031250 0.000000 3078.914795 0.000000 0.559265 0.000000 0.828989 0.400000 0.400000 0.400000
2773.238770 0.000000 3071.604004 0.000000 0.988316 0.000000 -0.152418 0.400000 0.400000 0.400000
2804.337646 0.000000 3117.569336 0.000000 0.996046 0.000000 -0.088837 0.400000 0.400000 0.400000
2789.091309 0.000000 3076.994141 0.000000 0.359346 0.000000 -0.933205 0.400000 0.400000 0.400000
2689.647949 0.000000 3178.245850 0.000000 0.511393 0.000000 -0.859347 0.400000 0.400000 0.400000
2695.839111 0.000000 3164.558838 0.000000 0.519350 0.000000 -0.854561 0.400000 0.400000 0.400000
2688.385986 0.000000 3169.400146 0.000000 0.983520 0.000000 0.180802 0.400000 0.400000 0.400000
2692.924805 0.000000 3173.266602 0.000000 0.740933 0.000000 0.671579 0.400000 0.400000 0.400000
2580.653809 0.000000 3258.265137 0.000000 0.986194 0.000000 0.165594 0.400000 0.400000 0.400000
2591.002441 0.000000 3255.152588 0.000000 0.834296 0.000000 -0.551317 0.400000 0.400000 0.400000
2678.733154 0.000000 3199.970947 0.000000 0.055586 0.000000 -0.998454 0.400000 0.400000 0.400000
2588.054688 0.000000 3270.867920 0.000000 0.601094 0.000000 0.799179 0.400000 0.400000 0.400000
2569.363037 0.000000 3273.448486 0.000000 0.916676 0.000000 -0.399631 0.400000 0.400000 0.400000
2581.262207 0.000000 3263.557129 0.000000 0.480802 0.000000 -0.876829 0.400000 0.400000 0.400000
2744.312256 0.000000 3251.572998 0.000000 0.759455 0.000000 0.650560 0.400000 0.400000 0.400000
2724.876953 0.000000 3245.136475 0.000000 0.866984 0.000000 0.498336 0.400000 0.400000 0.400000
2739.368896 0.000000 3236.053223 0.000000 0.990290 0.000000 -0.139016 0.400000 0.400000 0.400000
2746.082764 0.000000 3212.744141 0.000000 0.486807 0.000000 0.873510 0.400000 0.400000 0.400000
2746.941650 0.000000 3225.811768 0.000000 0.935935 0.000000 -0.352174 0.400000 0.400000 0.400000
2733.315430 0.000000 3251.674072 0.000000 0.342353 0.000000 0.939571 0.400000 0.400000 0.400000
2738.033936 0.000000 3259.611328 0.000000 0.253608 0.000000 -0.967307 0.400000 0.400000 0.400000
2748.942139 0.000000 3235.370605 0.000000 0.091142 0.000000 0.995838 0.400000 0.400000 0.400000
2726.624023 0.000000 3251.607178 0.000000 0.908098 0.000000 -0.418759 0.400000 0.400000 0.400000
2749.101807 0.000000 3220.042480 0.000000 0.988106 0.000000 0.153772 0.400000 0.400000 0.400000
2738.847656 0.000000 3253.784180 0.000000 0.580045 0.000000 -0.814584 0.400000 0.400000 0.400000
2753.166504 0.000000 3215.075195 0.000000 0.835872 0.000000 0.548924 0.400000 0.400000 0.400000
2751.894775 0.000000 3224.097412 0.000000 0.999569 0.000000 -0.029348 0.400000 0.400000 0.400000
2752.378174 0.000000 3233.384521 0.000000 0.739542 0.000000 0.673111 0.400000 0.400000 0.400000
3044.980957 0.000000 3360.317871 0.000000 0.995932 0.000000 0.090109 0.400000 0.400000 0.400000
3060.084473 0.000000 3352.290039 0.000000 0.133144 0.000000 0.991097 0.400000 0.400000 0.400000
3739.914062 0.000000 3078.914795 0.000000 0.836264 0.000000 0.548326 0.400000 0.400000 0.400000
4964.603516 0.000000 1645.526978 0.000000 0.411470 0.000000 0.911424 0.400000 0.400000 0.400000
4979.095703 0.000000 1636.443726 0.000000 0.834615 0.000000 0.550834 0.400000 0.400000 0.400000
4973.288086 0.000000 1642.909912 0.000000 0.983482 0.000000 0.181005 0.400000 0.400000 0.400000
4967.326660 0.000000 1625.193115 0.000000 0.910096 0.000000 -0.414398 0.400000 0.400000 0.400000
4958.114746 0.000000 1635.418091 0.000000 0.689948 0.000000 -0.723859 0.400000 0.400000 0.400000
4970.007324 0.000000 1647.444214 0.000000 0.854317 0.000000 -0.519752 0.400000 0.400000 0.400000
5012.356934 0.000000 1722.640015 0.000000 0.864106 0.000000 0.503310 0.400000 0.400000 0.400000
5014.364746 0.000000 1695.025635 0.000000 0.986072 0.000000 -0.166319 0.400000 0.400000 0.400000
5028.595703 0.000000 1709.511353 0.000000 0.741519 0.000000 0.670931 0.400000 0.400000 0.400000
5022.705566 0.000000 1719.527588 0.000000 0.999648 0.000000 0.026541 0.400000 0.400000 0.400000
5002.763672 0.000000 1701.401855 0.000000 0.252515 0.000000 -0.967593 0.400000 0.400000 0.400000
5025.058594 0.000000 1704.462280 0.000000 0.915202 0.000000 -0.402994 0.400000 0.400000 0.400000
5012.965332 0.000000 1727.932129 0.000000 0.363640 0.000000 0.931540 0.400000 0.400000 0.400000
4280.125000 0.000000 2803.682373 0.000000 0.965773 0.000000 0.259389 0.400000 0.400000 0.400000
4293.038574 0.000000 2809.884033 0.000000 0.870397 0.000000 -0.492351 0.400000 0.400000 0.400000
4287.978027 0.000000 2802.444824 0.000000 0.134221 0.000000 -0.990951 0.400000 0.400000 0.400000
4293.054688 0.000000 2815.265869 0.000000 0.881719 0.000000 0.471776 0.400000 0.400000 0.400000
4288.979004 0.000000 2831.168945 0.000000 0.064405 0.000000 0.997924 0.400000 0.400000 0.400000
4294.265137 0.000000 2820.000000 0.000000 0.101468 0.000000 0.994839 0.400000 0.400000 0.400000
4291.645996 0.000000 2816.566162 0.000000 0.962421 0.000000 -0.271562 0.400000 0.400000 0.400000
4145.861816 0.000000 3067.658203 0.000000 0.202212 0.000000 -0.979342 0.400000 0.400000 0.400000
4143.050293 0.000000 3072.678223 0.000000 0.952604 0.000000 -0.304212 0.400000 0.400000 0.400000
"}
