object={
	name="tree_pine_01_a_generator_1_0"
	clamp_to_water_level=no
	render_under_water=no
	generated_content=yes
	layer="tree_high_layer"
	pdxmesh="tree_pine_single_01_a_mesh"
	count=321
	transform="3068.090576 0.000000 3243.028320 0.000000 0.370928 0.000000 0.928662 1.000000 1.000000 1.000000
3036.137207 0.000000 3262.192139 0.000000 0.857971 0.000000 0.513698 1.000000 1.000000 1.000000
3041.884033 0.000000 3260.371826 0.000000 0.415196 0.000000 0.909732 1.000000 1.000000 1.000000
3063.287109 0.000000 3256.969238 0.000000 0.200017 0.000000 0.979792 1.000000 1.000000 1.000000
3065.302490 0.000000 3246.913574 0.000000 0.042370 0.000000 0.999102 1.000000 1.000000 1.000000
3032.829102 0.000000 3259.303467 0.000000 0.771037 0.000000 0.636790 1.000000 1.000000 1.000000
3066.817383 0.000000 3254.780029 0.000000 0.084952 0.000000 0.996385 1.000000 1.000000 1.000000
3030.116211 0.000000 3261.926270 0.000000 0.656373 0.000000 0.754437 1.000000 1.000000 1.000000
3041.377930 0.000000 3246.171875 0.000000 0.430303 0.000000 0.902685 1.000000 1.000000 1.000000
3065.152832 0.000000 3261.553223 0.000000 0.053763 0.000000 0.998554 1.000000 1.000000 1.000000
3048.875000 0.000000 3258.151123 0.000000 0.150264 0.000000 0.988646 1.000000 1.000000 1.000000
3062.002930 0.000000 3253.993896 0.000000 0.854139 0.000000 0.520044 1.000000 1.000000 1.000000
3060.000244 0.000000 3257.034424 0.000000 0.054988 0.000000 0.998487 1.000000 1.000000 1.000000
3043.784912 0.000000 3248.193115 0.000000 0.807351 0.000000 0.590072 1.000000 1.000000 1.000000
3042.384521 0.000000 3243.247559 0.000000 0.393694 0.000000 0.919242 1.000000 1.000000 1.000000
3068.524658 0.000000 3247.542480 0.000000 0.701731 0.000000 0.712442 1.000000 1.000000 1.000000
3040.772705 0.000000 3257.624756 0.000000 0.594026 0.000000 0.804446 1.000000 1.000000 1.000000
3066.780273 0.000000 3249.945068 0.000000 0.223718 0.000000 0.974654 1.000000 1.000000 1.000000
3066.187500 0.000000 3257.646973 0.000000 0.544717 0.000000 0.838620 1.000000 1.000000 1.000000
3035.907715 0.000000 3254.239014 0.000000 0.617004 0.000000 0.786960 1.000000 1.000000 1.000000
3041.183350 0.000000 3248.799072 0.000000 0.248522 0.000000 0.968626 1.000000 1.000000 1.000000
3057.458008 0.000000 3256.158203 0.000000 0.721835 0.000000 0.692065 1.000000 1.000000 1.000000
3067.430908 0.000000 3262.384277 0.000000 0.745152 0.000000 0.666894 1.000000 1.000000 1.000000
3053.532715 0.000000 3259.725586 0.000000 0.133412 0.000000 0.991061 1.000000 1.000000 1.000000
3071.264893 0.000000 3257.737305 0.000000 0.405226 0.000000 0.914217 1.000000 1.000000 1.000000
3046.595703 0.000000 3258.937256 0.000000 0.141376 0.000000 0.989956 1.000000 1.000000 1.000000
3070.739990 0.000000 3253.049561 0.000000 0.854168 0.000000 0.519997 1.000000 1.000000 1.000000
3070.719482 0.000000 3248.225098 0.000000 0.620907 0.000000 0.783885 1.000000 1.000000 1.000000
3030.609619 0.000000 3259.321289 0.000000 0.594911 0.000000 0.803792 1.000000 1.000000 1.000000
3066.390869 0.000000 3252.139404 0.000000 0.468210 0.000000 0.883617 1.000000 1.000000 1.000000
3059.438232 0.000000 3261.251953 0.000000 0.722055 0.000000 0.691836 1.000000 1.000000 1.000000
3069.027832 0.000000 3254.747559 0.000000 0.424023 0.000000 0.905652 1.000000 1.000000 1.000000
3054.015869 0.000000 3262.876221 0.000000 0.830545 0.000000 0.556951 1.000000 1.000000 1.000000
3037.106689 0.000000 3255.812500 0.000000 0.821314 0.000000 0.570477 1.000000 1.000000 1.000000
3040.169922 0.000000 3250.507324 0.000000 0.642479 0.000000 0.766303 1.000000 1.000000 1.000000
3057.249023 0.000000 3261.580078 0.000000 0.341152 0.000000 0.940008 1.000000 1.000000 1.000000
3037.685547 0.000000 3253.509766 0.000000 0.313660 0.000000 0.949535 1.000000 1.000000 1.000000
3056.089844 0.000000 3259.618652 0.000000 0.043204 0.000000 0.999066 1.000000 1.000000 1.000000
3058.315918 0.000000 3257.834717 0.000000 0.697064 0.000000 0.717009 1.000000 1.000000 1.000000
3055.836182 0.000000 3263.056641 0.000000 0.453898 0.000000 0.891053 1.000000 1.000000 1.000000
3037.763672 0.000000 3261.687256 0.000000 0.335498 0.000000 0.942041 1.000000 1.000000 1.000000
3046.259766 0.000000 3261.691895 0.000000 0.613052 0.000000 0.790042 1.000000 1.000000 1.000000
3043.428955 0.000000 3260.084229 0.000000 0.342223 0.000000 0.939619 1.000000 1.000000 1.000000
3039.647705 0.000000 3253.697021 0.000000 0.208045 0.000000 0.978119 1.000000 1.000000 1.000000
3041.989014 0.000000 3258.639404 0.000000 0.842142 0.000000 0.539255 1.000000 1.000000 1.000000
3044.758545 0.000000 3262.167236 0.000000 0.788237 0.000000 0.615371 1.000000 1.000000 1.000000
3053.597656 0.000000 3261.306396 0.000000 0.489455 0.000000 0.872029 1.000000 1.000000 1.000000
3069.261719 0.000000 3258.549561 0.000000 0.453313 0.000000 0.891351 1.000000 1.000000 1.000000
3044.996582 0.000000 3258.998291 0.000000 0.223122 0.000000 0.974791 1.000000 1.000000 1.000000
3052.241455 0.000000 3260.479004 0.000000 0.783177 0.000000 0.621799 1.000000 1.000000 1.000000
3050.761963 0.000000 3262.455078 0.000000 0.004810 0.000000 0.999988 1.000000 1.000000 1.000000
3046.269531 0.000000 3260.246826 0.000000 0.211077 0.000000 0.977469 1.000000 1.000000 1.000000
3045.750000 0.000000 3255.282227 0.000000 0.358424 0.000000 0.933559 1.000000 1.000000 1.000000
3066.084229 0.000000 3262.547852 0.000000 0.678472 0.000000 0.734627 1.000000 1.000000 1.000000
3064.730713 0.000000 3260.242920 0.000000 0.336430 0.000000 0.941708 1.000000 1.000000 1.000000
3047.823486 0.000000 3259.544922 0.000000 0.837165 0.000000 0.546950 1.000000 1.000000 1.000000
3049.953613 0.000000 3258.816895 0.000000 0.125204 0.000000 0.992131 1.000000 1.000000 1.000000
3063.661133 0.000000 3263.185791 0.000000 0.752721 0.000000 0.658340 1.000000 1.000000 1.000000
3045.805420 0.000000 3257.863525 0.000000 0.311352 0.000000 0.950295 1.000000 1.000000 1.000000
3036.000000 0.000000 3270.867920 0.000000 0.400893 0.000000 0.916125 1.000000 1.000000 1.000000
3044.837891 0.000000 3309.120850 0.000000 0.109652 0.000000 0.993970 1.000000 1.000000 1.000000
3043.128906 0.000000 3263.765625 0.000000 0.580005 0.000000 0.814613 1.000000 1.000000 1.000000
3032.648193 0.000000 3285.535400 0.000000 0.830592 0.000000 0.556882 1.000000 1.000000 1.000000
3053.522217 0.000000 3306.503662 0.000000 0.064637 0.000000 0.997909 1.000000 1.000000 1.000000
3027.258301 0.000000 3301.422363 0.000000 0.185002 0.000000 0.982738 1.000000 1.000000 1.000000
3060.306396 0.000000 3309.522461 0.000000 0.777328 0.000000 0.629096 1.000000 1.000000 1.000000
3038.348877 0.000000 3299.011963 0.000000 0.377498 0.000000 0.926010 1.000000 1.000000 1.000000
3061.152344 0.000000 3293.426025 0.000000 0.390110 0.000000 0.920768 1.000000 1.000000 1.000000
3064.327148 0.000000 3302.799316 0.000000 0.852311 0.000000 0.523035 1.000000 1.000000 1.000000
3050.241699 0.000000 3311.037842 0.000000 0.743263 0.000000 0.668999 1.000000 1.000000 1.000000
3029.135498 0.000000 3289.467285 0.000000 0.694059 0.000000 0.719918 1.000000 1.000000 1.000000
3022.372559 0.000000 3274.368164 0.000000 0.857662 0.000000 0.514214 1.000000 1.000000 1.000000
3054.205811 0.000000 3280.533936 0.000000 0.465180 0.000000 0.885216 1.000000 1.000000 1.000000
3040.328125 0.000000 3269.248291 0.000000 0.692704 0.000000 0.721222 1.000000 1.000000 1.000000
3053.053711 0.000000 3289.073242 0.000000 0.273796 0.000000 0.961788 1.000000 1.000000 1.000000
3057.534180 0.000000 3295.889160 0.000000 0.776301 0.000000 0.630363 1.000000 1.000000 1.000000
3038.359375 0.000000 3307.397217 0.000000 0.446414 0.000000 0.894827 1.000000 1.000000 1.000000
3032.918213 0.000000 3281.155518 0.000000 0.317258 0.000000 0.948339 1.000000 1.000000 1.000000
3069.414307 0.000000 3279.669189 0.000000 0.035082 0.000000 0.999384 1.000000 1.000000 1.000000
3069.648682 0.000000 3293.104492 0.000000 0.279598 0.000000 0.960117 1.000000 1.000000 1.000000
3043.646729 0.000000 3300.343750 0.000000 0.844764 0.000000 0.535139 1.000000 1.000000 1.000000
3027.181396 0.000000 3297.330322 0.000000 0.294172 0.000000 0.955753 1.000000 1.000000 1.000000
3030.642090 0.000000 3303.742432 0.000000 0.758950 0.000000 0.651149 1.000000 1.000000 1.000000
3051.434814 0.000000 3303.281738 0.000000 0.614203 0.000000 0.789148 1.000000 1.000000 1.000000
3037.728516 0.000000 3302.775635 0.000000 0.418732 0.000000 0.908110 1.000000 1.000000 1.000000
3065.990723 0.000000 3286.143799 0.000000 0.397000 0.000000 0.917819 1.000000 1.000000 1.000000
3044.915283 0.000000 3305.482422 0.000000 0.357830 0.000000 0.933787 1.000000 1.000000 1.000000
3066.010498 0.000000 3265.171387 0.000000 0.158863 0.000000 0.987301 1.000000 1.000000 1.000000
3046.863037 0.000000 3311.901123 0.000000 0.432416 0.000000 0.901674 1.000000 1.000000 1.000000
3051.948975 0.000000 3263.355957 0.000000 0.272061 0.000000 0.962280 1.000000 1.000000 1.000000
3048.301514 0.000000 3268.492432 0.000000 0.477171 0.000000 0.878810 1.000000 1.000000 1.000000
3029.851318 0.000000 3299.471191 0.000000 0.430061 0.000000 0.902800 1.000000 1.000000 1.000000
3051.997559 0.000000 3296.275391 0.000000 0.274112 0.000000 0.961698 1.000000 1.000000 1.000000
3042.831055 0.000000 3271.089355 0.000000 0.309376 0.000000 0.950940 1.000000 1.000000 1.000000
3062.863525 0.000000 3286.984375 0.000000 0.624724 0.000000 0.780846 1.000000 1.000000 1.000000
3042.384521 0.000000 3307.231934 0.000000 0.800437 0.000000 0.599417 1.000000 1.000000 1.000000
3066.613281 0.000000 3273.756348 0.000000 0.817659 0.000000 0.575702 1.000000 1.000000 1.000000
3040.208496 0.000000 3265.008545 0.000000 0.664899 0.000000 0.746933 1.000000 1.000000 1.000000
3050.210205 0.000000 3290.639404 0.000000 0.777245 0.000000 0.629197 1.000000 1.000000 1.000000
3030.620850 0.000000 3283.240723 0.000000 0.543339 0.000000 0.839514 1.000000 1.000000 1.000000
3040.577881 0.000000 3301.120850 0.000000 0.301419 0.000000 0.953492 1.000000 1.000000 1.000000
3029.010498 0.000000 3274.828857 0.000000 0.552471 0.000000 0.833532 1.000000 1.000000 1.000000
3067.073730 0.000000 3301.823730 0.000000 0.266440 0.000000 0.963852 1.000000 1.000000 1.000000
3050.050293 0.000000 3300.537109 0.000000 0.000533 0.000000 1.000000 1.000000 1.000000 1.000000
3032.462646 0.000000 3296.874268 0.000000 0.443691 0.000000 0.896180 1.000000 1.000000 1.000000
3033.436768 0.000000 3277.736816 0.000000 0.610160 0.000000 0.792278 1.000000 1.000000 1.000000
3037.777344 0.000000 3267.857178 0.000000 0.033293 0.000000 0.999446 1.000000 1.000000 1.000000
3060.237793 0.000000 3276.482666 0.000000 0.678662 0.000000 0.734451 1.000000 1.000000 1.000000
3052.768555 0.000000 3273.064697 0.000000 0.016246 0.000000 0.999868 1.000000 1.000000 1.000000
3036.340576 0.000000 3289.504150 0.000000 0.859040 0.000000 0.511909 1.000000 1.000000 1.000000
3048.108887 0.000000 3285.884521 0.000000 0.671206 0.000000 0.741271 1.000000 1.000000 1.000000
3024.674561 0.000000 3283.440430 0.000000 0.305427 0.000000 0.952216 1.000000 1.000000 1.000000
3066.254639 0.000000 3298.396729 0.000000 0.294769 0.000000 0.955568 1.000000 1.000000 1.000000
3029.961182 0.000000 3271.126953 0.000000 0.692506 0.000000 0.721412 1.000000 1.000000 1.000000
3035.363525 0.000000 3284.622314 0.000000 0.240840 0.000000 0.970565 1.000000 1.000000 1.000000
3071.612549 0.000000 3285.072510 0.000000 0.679148 0.000000 0.734002 1.000000 1.000000 1.000000
3054.722168 0.000000 3277.837891 0.000000 0.392924 0.000000 0.919571 1.000000 1.000000 1.000000
3044.094727 0.000000 3302.949463 0.000000 0.382144 0.000000 0.924103 1.000000 1.000000 1.000000
3024.964844 0.000000 3273.492676 0.000000 0.808082 0.000000 0.589070 1.000000 1.000000 1.000000
3042.450684 0.000000 3277.200439 0.000000 0.861205 0.000000 0.508258 1.000000 1.000000 1.000000
3026.831299 0.000000 3278.956299 0.000000 0.618598 0.000000 0.785707 1.000000 1.000000 1.000000
3054.729980 0.000000 3291.025635 0.000000 0.316577 0.000000 0.948567 1.000000 1.000000 1.000000
3049.895752 0.000000 3276.922852 0.000000 0.861154 0.000000 0.508343 1.000000 1.000000 1.000000
3030.693604 0.000000 3265.918213 0.000000 0.156018 0.000000 0.987754 1.000000 1.000000 1.000000
3038.355957 0.000000 3280.348633 0.000000 0.577487 0.000000 0.816400 1.000000 1.000000 1.000000
3061.354980 0.000000 3266.246094 0.000000 0.347086 0.000000 0.937833 1.000000 1.000000 1.000000
3035.029297 0.000000 3263.323975 0.000000 0.826108 0.000000 0.563512 1.000000 1.000000 1.000000
3058.729736 0.000000 3293.742676 0.000000 0.172586 0.000000 0.984995 1.000000 1.000000 1.000000
3040.428955 0.000000 3289.877686 0.000000 0.040251 0.000000 0.999190 1.000000 1.000000 1.000000
3030.755615 0.000000 3279.991699 0.000000 0.641433 0.000000 0.767179 1.000000 1.000000 1.000000
3028.131348 0.000000 3294.913086 0.000000 0.196222 0.000000 0.980560 1.000000 1.000000 1.000000
3037.148682 0.000000 3305.125732 0.000000 0.248239 0.000000 0.968699 1.000000 1.000000 1.000000
3046.561523 0.000000 3307.386475 0.000000 0.702440 0.000000 0.711743 1.000000 1.000000 1.000000
3047.606445 0.000000 3277.689209 0.000000 0.426857 0.000000 0.904319 1.000000 1.000000 1.000000
3056.152344 0.000000 3293.779297 0.000000 0.806508 0.000000 0.591224 1.000000 1.000000 1.000000
3057.781250 0.000000 3271.132568 0.000000 0.637693 0.000000 0.770290 1.000000 1.000000 1.000000
3049.278076 0.000000 3304.267334 0.000000 0.826581 0.000000 0.562817 1.000000 1.000000 1.000000
3071.532959 0.000000 3299.561279 0.000000 0.004486 0.000000 0.999990 1.000000 1.000000 1.000000
3064.341797 0.000000 3279.107910 0.000000 0.414550 0.000000 0.910027 1.000000 1.000000 1.000000
3026.040283 0.000000 3265.364990 0.000000 0.796847 0.000000 0.604181 1.000000 1.000000 1.000000
3045.626953 0.000000 3274.340088 0.000000 0.083250 0.000000 0.996529 1.000000 1.000000 1.000000
3052.273926 0.000000 3291.611572 0.000000 0.451861 0.000000 0.892088 1.000000 1.000000 1.000000
3058.291992 0.000000 3298.025879 0.000000 0.542191 0.000000 0.840255 1.000000 1.000000 1.000000
3061.966309 0.000000 3272.225342 0.000000 0.262963 0.000000 0.964806 1.000000 1.000000 1.000000
3053.221436 0.000000 3301.892822 0.000000 0.619874 0.000000 0.784701 1.000000 1.000000 1.000000
3047.122070 0.000000 3304.988037 0.000000 0.549649 0.000000 0.835396 1.000000 1.000000 1.000000
3038.486816 0.000000 3288.760498 0.000000 0.619060 0.000000 0.785344 1.000000 1.000000 1.000000
3026.752686 0.000000 3282.550537 0.000000 0.153586 0.000000 0.988135 1.000000 1.000000 1.000000
3033.352783 0.000000 3283.442139 0.000000 0.477392 0.000000 0.878691 1.000000 1.000000 1.000000
3049.833008 0.000000 3295.590576 0.000000 0.697680 0.000000 0.716409 1.000000 1.000000 1.000000
3047.165527 0.000000 3296.504639 0.000000 0.478600 0.000000 0.878033 1.000000 1.000000 1.000000
3061.452148 0.000000 3268.511963 0.000000 0.619671 0.000000 0.784862 1.000000 1.000000 1.000000
3031.482178 0.000000 3263.359619 0.000000 0.268642 0.000000 0.963240 1.000000 1.000000 1.000000
3064.979736 0.000000 3263.273682 0.000000 0.431638 0.000000 0.902047 1.000000 1.000000 1.000000
3032.642334 0.000000 3266.988037 0.000000 0.491794 0.000000 0.870711 1.000000 1.000000 1.000000
3045.705078 0.000000 3301.365967 0.000000 0.075112 0.000000 0.997175 1.000000 1.000000 1.000000
3070.118652 0.000000 3301.224365 0.000000 0.865888 0.000000 0.500238 1.000000 1.000000 1.000000
3038.449463 0.000000 3263.275635 0.000000 0.365606 0.000000 0.930770 1.000000 1.000000 1.000000
3070.862793 0.000000 3294.799072 0.000000 0.335067 0.000000 0.942194 1.000000 1.000000 1.000000
3048.207031 0.000000 3273.175049 0.000000 0.516611 0.000000 0.856220 1.000000 1.000000 1.000000
3043.038818 0.000000 3268.902344 0.000000 0.090569 0.000000 0.995890 1.000000 1.000000 1.000000
3057.257080 0.000000 3300.741699 0.000000 0.641586 0.000000 0.767051 1.000000 1.000000 1.000000
3068.653564 0.000000 3277.732910 0.000000 0.837865 0.000000 0.545878 1.000000 1.000000 1.000000
3067.275879 0.000000 3296.668457 0.000000 0.860931 0.000000 0.508721 1.000000 1.000000 1.000000
3042.390869 0.000000 3301.917725 0.000000 0.068290 0.000000 0.997665 1.000000 1.000000 1.000000
3066.078125 0.000000 3271.201660 0.000000 0.667731 0.000000 0.744403 1.000000 1.000000 1.000000
3054.823975 0.000000 3286.976807 0.000000 0.577975 0.000000 0.816054 1.000000 1.000000 1.000000
3061.646484 0.000000 3291.498535 0.000000 0.016136 0.000000 0.999870 1.000000 1.000000 1.000000
3043.038086 0.000000 3304.889648 0.000000 0.658928 0.000000 0.752206 1.000000 1.000000 1.000000
3061.747803 0.000000 3285.250000 0.000000 0.494291 0.000000 0.869296 1.000000 1.000000 1.000000
3045.850830 0.000000 3303.524902 0.000000 0.437818 0.000000 0.899064 1.000000 1.000000 1.000000
3040.799805 0.000000 3271.018555 0.000000 0.467931 0.000000 0.883765 1.000000 1.000000 1.000000
3044.501709 0.000000 3307.323730 0.000000 0.394417 0.000000 0.918931 1.000000 1.000000 1.000000
3042.016357 0.000000 3265.225586 0.000000 0.471031 0.000000 0.882117 1.000000 1.000000 1.000000
3048.430176 0.000000 3281.295898 0.000000 0.083233 0.000000 0.996530 1.000000 1.000000 1.000000
3066.915771 0.000000 3287.813232 0.000000 0.731528 0.000000 0.681811 1.000000 1.000000 1.000000
3063.592529 0.000000 3273.192383 0.000000 0.413141 0.000000 0.910667 1.000000 1.000000 1.000000
3067.228271 0.000000 3299.968750 0.000000 0.805800 0.000000 0.592188 1.000000 1.000000 1.000000
3044.354492 0.000000 3267.304199 0.000000 0.268935 0.000000 0.963158 1.000000 1.000000 1.000000
3049.381348 0.000000 3267.018311 0.000000 0.313062 0.000000 0.949733 1.000000 1.000000 1.000000
3030.405273 0.000000 3288.160889 0.000000 0.463362 0.000000 0.886169 1.000000 1.000000 1.000000
3031.706787 0.000000 3271.344971 0.000000 0.502271 0.000000 0.864710 1.000000 1.000000 1.000000
3056.282227 0.000000 3290.072266 0.000000 0.535387 0.000000 0.844607 1.000000 1.000000 1.000000
3060.246338 0.000000 3272.204590 0.000000 0.799336 0.000000 0.600885 1.000000 1.000000 1.000000
3056.520996 0.000000 3297.273926 0.000000 0.387703 0.000000 0.921784 1.000000 1.000000 1.000000
3031.058350 0.000000 3284.899414 0.000000 0.476103 0.000000 0.879389 1.000000 1.000000 1.000000
3041.242188 0.000000 3263.724854 0.000000 0.022057 0.000000 0.999757 1.000000 1.000000 1.000000
3060.040283 0.000000 3267.742432 0.000000 0.457865 0.000000 0.889022 1.000000 1.000000 1.000000
3057.483643 0.000000 3267.557129 0.000000 0.637478 0.000000 0.770469 1.000000 1.000000 1.000000
3048.538574 0.000000 3263.797607 0.000000 0.819210 0.000000 0.573494 1.000000 1.000000 1.000000
3054.441895 0.000000 3263.268799 0.000000 0.284883 0.000000 0.958562 1.000000 1.000000 1.000000
3060.001465 0.000000 3265.689697 0.000000 0.097591 0.000000 0.995227 1.000000 1.000000 1.000000
3050.266846 0.000000 3265.892578 0.000000 0.726891 0.000000 0.686753 1.000000 1.000000 1.000000
3054.748535 0.000000 3265.947266 0.000000 0.026048 0.000000 0.999661 1.000000 1.000000 1.000000
3100.129395 0.000000 3262.192139 0.000000 0.499314 0.000000 0.866421 1.000000 1.000000 1.000000
3111.472412 0.000000 3238.657959 0.000000 0.318257 0.000000 0.948004 1.000000 1.000000 1.000000
3079.882080 0.000000 3242.711182 0.000000 0.251005 0.000000 0.967986 1.000000 1.000000 1.000000
3089.706543 0.000000 3251.662842 0.000000 0.490805 0.000000 0.871269 1.000000 1.000000 1.000000
3105.876221 0.000000 3260.371826 0.000000 0.326189 0.000000 0.945305 1.000000 1.000000 1.000000
3114.233887 0.000000 3247.053467 0.000000 0.215104 0.000000 0.976591 1.000000 1.000000 1.000000
3077.202881 0.000000 3263.156494 0.000000 0.435068 0.000000 0.900398 1.000000 1.000000 1.000000
3085.608887 0.000000 3248.878174 0.000000 0.421187 0.000000 0.906974 1.000000 1.000000 1.000000
3086.993652 0.000000 3239.878662 0.000000 0.625264 0.000000 0.780413 1.000000 1.000000 1.000000
3072.925293 0.000000 3255.764648 0.000000 0.862326 0.000000 0.506353 1.000000 1.000000 1.000000
3112.984131 0.000000 3242.742432 0.000000 0.535259 0.000000 0.844688 1.000000 1.000000 1.000000
3100.293457 0.000000 3251.628418 0.000000 0.786328 0.000000 0.617809 1.000000 1.000000 1.000000
3096.821289 0.000000 3259.303467 0.000000 0.431450 0.000000 0.902137 1.000000 1.000000 1.000000
3084.133545 0.000000 3252.108154 0.000000 0.339531 0.000000 0.940595 1.000000 1.000000 1.000000
3105.370117 0.000000 3246.171875 0.000000 0.785563 0.000000 0.618782 1.000000 1.000000 1.000000
3080.062744 0.000000 3239.144287 0.000000 0.108783 0.000000 0.994066 1.000000 1.000000 1.000000
3106.532715 0.000000 3254.915527 0.000000 0.339798 0.000000 0.940498 1.000000 1.000000 1.000000
3085.246338 0.000000 3259.238770 0.000000 0.784179 0.000000 0.620535 1.000000 1.000000 1.000000
3113.982422 0.000000 3250.743408 0.000000 0.634816 0.000000 0.772664 1.000000 1.000000 1.000000
3079.208008 0.000000 3245.867188 0.000000 0.834272 0.000000 0.551353 1.000000 1.000000 1.000000
3103.828613 0.000000 3262.968018 0.000000 0.135008 0.000000 0.990844 1.000000 1.000000 1.000000
3087.083984 0.000000 3253.337402 0.000000 0.514719 0.000000 0.857359 1.000000 1.000000 1.000000
3116.920166 0.000000 3248.657227 0.000000 0.588080 0.000000 0.808802 1.000000 1.000000 1.000000
3085.652832 0.000000 3242.600098 0.000000 0.319236 0.000000 0.947675 1.000000 1.000000 1.000000
3092.413818 0.000000 3250.386719 0.000000 0.831817 0.000000 0.555050 1.000000 1.000000 1.000000
3094.707520 0.000000 3246.692383 0.000000 0.302008 0.000000 0.953305 1.000000 1.000000 1.000000
3094.747070 0.000000 3256.293945 0.000000 0.366297 0.000000 0.930498 1.000000 1.000000 1.000000
3096.010254 0.000000 3242.228027 0.000000 0.788413 0.000000 0.615147 1.000000 1.000000 1.000000
3090.859131 0.000000 3244.783203 0.000000 0.455419 0.000000 0.890277 1.000000 1.000000 1.000000
3076.309570 0.000000 3243.739746 0.000000 0.776425 0.000000 0.630210 1.000000 1.000000 1.000000
3085.324707 0.000000 3262.082764 0.000000 0.640982 0.000000 0.767556 1.000000 1.000000 1.000000
3078.151123 0.000000 3255.098877 0.000000 0.378269 0.000000 0.925696 1.000000 1.000000 1.000000
3079.166016 0.000000 3251.827148 0.000000 0.490360 0.000000 0.871520 1.000000 1.000000 1.000000
3075.470947 0.000000 3255.100830 0.000000 0.650032 0.000000 0.759907 1.000000 1.000000 1.000000
3100.801758 0.000000 3245.522217 0.000000 0.351280 0.000000 0.936271 1.000000 1.000000 1.000000
3097.437256 0.000000 3262.318848 0.000000 0.134739 0.000000 0.990881 1.000000 1.000000 1.000000
3107.603271 0.000000 3258.415771 0.000000 0.058580 0.000000 0.998283 1.000000 1.000000 1.000000
3074.591797 0.000000 3250.455566 0.000000 0.648376 0.000000 0.761320 1.000000 1.000000 1.000000
3085.193848 0.000000 3238.169922 0.000000 0.752295 0.000000 0.658827 1.000000 1.000000 1.000000
3081.881592 0.000000 3251.012939 0.000000 0.269182 0.000000 0.963089 1.000000 1.000000 1.000000
3088.886475 0.000000 3238.187988 0.000000 0.688650 0.000000 0.725093 1.000000 1.000000 1.000000
3092.809082 0.000000 3241.574951 0.000000 0.745276 0.000000 0.666756 1.000000 1.000000 1.000000
3089.570801 0.000000 3254.167969 0.000000 0.635728 0.000000 0.771913 1.000000 1.000000 1.000000
3081.217285 0.000000 3244.617920 0.000000 0.157076 0.000000 0.987586 1.000000 1.000000 1.000000
3088.062988 0.000000 3242.125977 0.000000 0.042146 0.000000 0.999111 1.000000 1.000000 1.000000
3110.587891 0.000000 3258.937256 0.000000 0.354352 0.000000 0.935112 1.000000 1.000000 1.000000
3107.078125 0.000000 3262.464844 0.000000 0.244316 0.000000 0.969696 1.000000 1.000000 1.000000
3090.228271 0.000000 3258.614746 0.000000 0.395485 0.000000 0.918472 1.000000 1.000000 1.000000
3103.110107 0.000000 3245.712158 0.000000 0.163110 0.000000 0.986608 1.000000 1.000000 1.000000
3102.069824 0.000000 3250.136230 0.000000 0.545509 0.000000 0.838105 1.000000 1.000000 1.000000
3105.115234 0.000000 3253.187500 0.000000 0.340116 0.000000 0.940383 1.000000 1.000000 1.000000
3095.713135 0.000000 3253.513428 0.000000 0.433986 0.000000 0.900920 1.000000 1.000000 1.000000
3083.651123 0.000000 3249.785156 0.000000 0.723402 0.000000 0.690427 1.000000 1.000000 1.000000
3112.805420 0.000000 3248.803223 0.000000 0.328449 0.000000 0.944522 1.000000 1.000000 1.000000
3086.829834 0.000000 3256.901367 0.000000 0.283422 0.000000 0.958995 1.000000 1.000000 1.000000
3081.122803 0.000000 3240.961670 0.000000 0.765523 0.000000 0.643409 1.000000 1.000000 1.000000
3091.660156 0.000000 3252.367432 0.000000 0.331078 0.000000 0.943603 1.000000 1.000000 1.000000
3079.948486 0.000000 3255.955322 0.000000 0.761260 0.000000 0.648447 1.000000 1.000000 1.000000
3085.087158 0.000000 3240.286133 0.000000 0.654934 0.000000 0.755686 1.000000 1.000000 1.000000
3083.912842 0.000000 3260.765625 0.000000 0.686227 0.000000 0.727387 1.000000 1.000000 1.000000
3089.592285 0.000000 3243.348389 0.000000 0.753932 0.000000 0.656952 1.000000 1.000000 1.000000
3104.785156 0.000000 3255.661621 0.000000 0.106321 0.000000 0.994332 1.000000 1.000000 1.000000
3112.085205 0.000000 3250.483398 0.000000 0.074582 0.000000 0.997215 1.000000 1.000000 1.000000
3085.012939 0.000000 3253.791748 0.000000 0.282115 0.000000 0.959381 1.000000 1.000000 1.000000
3096.197998 0.000000 3257.522217 0.000000 0.475418 0.000000 0.879760 1.000000 1.000000 1.000000
3077.372803 0.000000 3245.549072 0.000000 0.644284 0.000000 0.764786 1.000000 1.000000 1.000000
3105.364258 0.000000 3262.110840 0.000000 0.758271 0.000000 0.651940 1.000000 1.000000 1.000000
3078.680176 0.000000 3250.118652 0.000000 0.812459 0.000000 0.583018 1.000000 1.000000 1.000000
3100.679199 0.000000 3259.835693 0.000000 0.046539 0.000000 0.998917 1.000000 1.000000 1.000000
3103.978760 0.000000 3261.117676 0.000000 0.826764 0.000000 0.562549 1.000000 1.000000 1.000000
3072.339111 0.000000 3297.368896 0.000000 0.472386 0.000000 0.881392 1.000000 1.000000 1.000000
3096.640381 0.000000 3285.535400 0.000000 0.327412 0.000000 0.944881 1.000000 1.000000 1.000000
3091.263916 0.000000 3272.226807 0.000000 0.750687 0.000000 0.660658 1.000000 1.000000 1.000000
3101.129639 0.000000 3264.926758 0.000000 0.036744 0.000000 0.999325 1.000000 1.000000 1.000000
3088.218018 0.000000 3266.957764 0.000000 0.227676 0.000000 0.973737 1.000000 1.000000 1.000000
3076.877930 0.000000 3301.235352 0.000000 0.363933 0.000000 0.931425 1.000000 1.000000 1.000000
3109.052246 0.000000 3268.947266 0.000000 0.149799 0.000000 0.988716 1.000000 1.000000 1.000000
3095.106689 0.000000 3268.506104 0.000000 0.216357 0.000000 0.976314 1.000000 1.000000 1.000000
3096.910400 0.000000 3281.155518 0.000000 0.213034 0.000000 0.977045 1.000000 1.000000 1.000000
3090.000000 0.000000 3276.511230 0.000000 0.422422 0.000000 0.906399 1.000000 1.000000 1.000000
3076.041992 0.000000 3296.220215 0.000000 0.376956 0.000000 0.926231 1.000000 1.000000 1.000000
3071.746094 0.000000 3275.690674 0.000000 0.865332 0.000000 0.501199 1.000000 1.000000 1.000000
3098.953857 0.000000 3275.095703 0.000000 0.738087 0.000000 0.674706 1.000000 1.000000 1.000000
3071.649902 0.000000 3269.886963 0.000000 0.119649 0.000000 0.992816 1.000000 1.000000 1.000000
3077.512939 0.000000 3271.098389 0.000000 0.525832 0.000000 0.850588 1.000000 1.000000 1.000000
3086.781006 0.000000 3277.832520 0.000000 0.227326 0.000000 0.973819 1.000000 1.000000 1.000000
3106.605713 0.000000 3266.908936 0.000000 0.602533 0.000000 0.798094 1.000000 1.000000 1.000000
3074.589600 0.000000 3289.621094 0.000000 0.461892 0.000000 0.886936 1.000000 1.000000 1.000000
3086.032715 0.000000 3264.771240 0.000000 0.066523 0.000000 0.997785 1.000000 1.000000 1.000000
3106.823242 0.000000 3271.089355 0.000000 0.394221 0.000000 0.919016 1.000000 1.000000 1.000000
3084.111084 0.000000 3272.070557 0.000000 0.144256 0.000000 0.989540 1.000000 1.000000 1.000000
3074.087402 0.000000 3299.900146 0.000000 0.675602 0.000000 0.737266 1.000000 1.000000 1.000000
3071.696533 0.000000 3281.780518 0.000000 0.466689 0.000000 0.884421 1.000000 1.000000 1.000000
3083.504150 0.000000 3275.487549 0.000000 0.028505 0.000000 0.999594 1.000000 1.000000 1.000000
3090.365723 0.000000 3269.246094 0.000000 0.628236 0.000000 0.778023 1.000000 1.000000 1.000000
3085.667969 0.000000 3287.766113 0.000000 0.537327 0.000000 0.843374 1.000000 1.000000 1.000000
3097.428955 0.000000 3277.736816 0.000000 0.606476 0.000000 0.795102 1.000000 1.000000 1.000000
3080.232666 0.000000 3286.511475 0.000000 0.537662 0.000000 0.843160 1.000000 1.000000 1.000000
3097.220703 0.000000 3270.517090 0.000000 0.397256 0.000000 0.917708 1.000000 1.000000 1.000000
3090.823486 0.000000 3278.956299 0.000000 0.138721 0.000000 0.990332 1.000000 1.000000 1.000000
3074.397949 0.000000 3281.340820 0.000000 0.102993 0.000000 0.994682 1.000000 1.000000 1.000000
3102.336670 0.000000 3277.024414 0.000000 0.469003 0.000000 0.883196 1.000000 1.000000 1.000000
3105.183105 0.000000 3273.013428 0.000000 0.485590 0.000000 0.874187 1.000000 1.000000 1.000000
3071.697021 0.000000 3272.452148 0.000000 0.309227 0.000000 0.950988 1.000000 1.000000 1.000000
3077.099365 0.000000 3276.489258 0.000000 0.701707 0.000000 0.712466 1.000000 1.000000 1.000000
3072.410889 0.000000 3285.221924 0.000000 0.609125 0.000000 0.793074 1.000000 1.000000 1.000000
3086.745605 0.000000 3282.551758 0.000000 0.759217 0.000000 0.650837 1.000000 1.000000 1.000000
3077.628418 0.000000 3265.436035 0.000000 0.734973 0.000000 0.678096 1.000000 1.000000 1.000000
3085.484131 0.000000 3276.234863 0.000000 0.035500 0.000000 0.999370 1.000000 1.000000 1.000000
3073.551270 0.000000 3270.573730 0.000000 0.590001 0.000000 0.807402 1.000000 1.000000 1.000000
3085.643066 0.000000 3270.415771 0.000000 0.114712 0.000000 0.993399 1.000000 1.000000 1.000000
3100.406250 0.000000 3276.457275 0.000000 0.402720 0.000000 0.915323 1.000000 1.000000 1.000000
3109.102295 0.000000 3263.843994 0.000000 0.158247 0.000000 0.987400 1.000000 1.000000 1.000000
3086.390137 0.000000 3272.272461 0.000000 0.231927 0.000000 0.972733 1.000000 1.000000 1.000000
3079.616211 0.000000 3274.649170 0.000000 0.237939 0.000000 0.971280 1.000000 1.000000 1.000000
3075.698975 0.000000 3282.847168 0.000000 0.343480 0.000000 0.939160 1.000000 1.000000 1.000000
3073.070801 0.000000 3277.096436 0.000000 0.569283 0.000000 0.822142 1.000000 1.000000 1.000000
3077.508301 0.000000 3289.355225 0.000000 0.400741 0.000000 0.916191 1.000000 1.000000 1.000000
3075.492188 0.000000 3270.868652 0.000000 0.791352 0.000000 0.611360 1.000000 1.000000 1.000000
3107.926270 0.000000 3265.588623 0.000000 0.270686 0.000000 0.962668 1.000000 1.000000 1.000000
3096.374268 0.000000 3279.199463 0.000000 0.420063 0.000000 0.907495 1.000000 1.000000 1.000000
3091.734863 0.000000 3270.481689 0.000000 0.273970 0.000000 0.961738 1.000000 1.000000 1.000000
3085.281250 0.000000 3278.808350 0.000000 0.271062 0.000000 0.962562 1.000000 1.000000 1.000000
3073.447266 0.000000 3291.083984 0.000000 0.764688 0.000000 0.644401 1.000000 1.000000 1.000000
3102.373291 0.000000 3266.201660 0.000000 0.575506 0.000000 0.817798 1.000000 1.000000 1.000000
3079.532959 0.000000 3284.973877 0.000000 0.855386 0.000000 0.517991 1.000000 1.000000 1.000000
3071.683594 0.000000 3267.972900 0.000000 0.048727 0.000000 0.998812 1.000000 1.000000 1.000000
"}
object={
	name="tree_pine_01_a_generator_1_1"
	clamp_to_water_level=no
	render_under_water=no
	generated_content=yes
	layer="tree_high_layer"
	pdxmesh="tree_pine_single_01_b_mesh"
	count=292
	transform="3028.599121 0.000000 3258.265137 0.000000 0.950849 0.000000 0.309656 1.000000 1.000000 1.000000
3038.947754 0.000000 3255.152588 0.000000 0.883727 0.000000 0.468003 1.000000 1.000000 1.000000
3038.331787 0.000000 3247.885986 0.000000 0.999947 0.000000 0.010321 1.000000 1.000000 1.000000
3024.005615 0.000000 3261.360107 0.000000 0.999163 0.000000 0.040897 1.000000 1.000000 1.000000
3045.616943 0.000000 3256.643555 0.000000 0.993808 0.000000 0.111113 1.000000 1.000000 1.000000
3071.222168 0.000000 3246.069092 0.000000 0.927563 0.000000 0.373668 1.000000 1.000000 1.000000
3036.301270 0.000000 3251.628418 0.000000 0.879231 0.000000 -0.476395 1.000000 1.000000 1.000000
3036.343262 0.000000 3257.915527 0.000000 0.958865 0.000000 0.283862 1.000000 1.000000 1.000000
3055.264648 0.000000 3254.755127 0.000000 0.889034 0.000000 0.457841 1.000000 1.000000 1.000000
3042.540527 0.000000 3254.915527 0.000000 0.928810 0.000000 0.370558 1.000000 1.000000 1.000000
3058.486084 0.000000 3263.193848 0.000000 0.912509 0.000000 0.409057 1.000000 1.000000 1.000000
3049.990234 0.000000 3250.743408 0.000000 0.974631 0.000000 -0.223817 1.000000 1.000000 1.000000
3039.836426 0.000000 3262.968018 0.000000 0.998834 0.000000 -0.048278 1.000000 1.000000 1.000000
3055.341309 0.000000 3261.419922 0.000000 0.992531 0.000000 -0.121991 1.000000 1.000000 1.000000
3027.105957 0.000000 3261.064453 0.000000 0.914554 0.000000 -0.404463 1.000000 1.000000 1.000000
3070.587402 0.000000 3261.873779 0.000000 0.886757 0.000000 -0.462237 1.000000 1.000000 1.000000
3068.855957 0.000000 3257.007812 0.000000 0.990400 0.000000 0.138234 1.000000 1.000000 1.000000
3068.511475 0.000000 3252.680908 0.000000 0.903565 0.000000 0.428451 1.000000 1.000000 1.000000
3045.071289 0.000000 3253.997314 0.000000 0.947984 0.000000 -0.318317 1.000000 1.000000 1.000000
3050.944092 0.000000 3259.706299 0.000000 0.934761 0.000000 -0.355276 1.000000 1.000000 1.000000
3033.445068 0.000000 3262.318848 0.000000 0.996922 0.000000 -0.078405 1.000000 1.000000 1.000000
3044.386963 0.000000 3250.610596 0.000000 0.910463 0.000000 0.413590 1.000000 1.000000 1.000000
3049.557373 0.000000 3263.149902 0.000000 0.907434 0.000000 0.420194 1.000000 1.000000 1.000000
3043.085938 0.000000 3262.464844 0.000000 0.886077 0.000000 -0.463538 1.000000 1.000000 1.000000
3041.123047 0.000000 3253.187500 0.000000 0.876263 0.000000 -0.481834 1.000000 1.000000 1.000000
3050.803223 0.000000 3252.834717 0.000000 0.866654 0.000000 0.498910 1.000000 1.000000 1.000000
3050.586182 0.000000 3256.587646 0.000000 0.898935 0.000000 -0.438083 1.000000 1.000000 1.000000
3047.175293 0.000000 3255.073730 0.000000 0.930363 0.000000 0.366640 1.000000 1.000000 1.000000
3048.813232 0.000000 3248.803223 0.000000 0.957338 0.000000 -0.288972 1.000000 1.000000 1.000000
3070.304199 0.000000 3259.697998 0.000000 0.972780 0.000000 0.231732 1.000000 1.000000 1.000000
3031.875732 0.000000 3261.036621 0.000000 0.980050 0.000000 -0.198752 1.000000 1.000000 1.000000
3065.229736 0.000000 3255.951660 0.000000 0.912429 0.000000 0.409235 1.000000 1.000000 1.000000
3054.223389 0.000000 3256.388916 0.000000 0.958303 0.000000 0.285755 1.000000 1.000000 1.000000
3061.634521 0.000000 3255.897217 0.000000 0.997801 0.000000 -0.066285 1.000000 1.000000 1.000000
3061.916016 0.000000 3258.291260 0.000000 0.974337 0.000000 -0.225094 1.000000 1.000000 1.000000
3043.263672 0.000000 3246.353760 0.000000 0.920152 0.000000 -0.391562 1.000000 1.000000 1.000000
3049.954102 0.000000 3261.302002 0.000000 0.891830 0.000000 0.452370 1.000000 1.000000 1.000000
3048.466797 0.000000 3256.402100 0.000000 0.920352 0.000000 -0.391091 1.000000 1.000000 1.000000
3040.169678 0.000000 3259.303955 0.000000 0.873958 0.000000 -0.486001 1.000000 1.000000 1.000000
3041.372070 0.000000 3262.110840 0.000000 0.966847 0.000000 -0.255356 1.000000 1.000000 1.000000
3035.307617 0.000000 3256.014160 0.000000 0.999995 0.000000 0.003257 1.000000 1.000000 1.000000
3036.687012 0.000000 3259.835693 0.000000 0.987694 0.000000 -0.156398 1.000000 1.000000 1.000000
3039.986572 0.000000 3261.117676 0.000000 0.964108 0.000000 -0.265510 1.000000 1.000000 1.000000
3063.229492 0.000000 3255.249512 0.000000 0.993303 0.000000 0.115541 1.000000 1.000000 1.000000
3068.937256 0.000000 3261.670654 0.000000 0.909548 0.000000 -0.415600 1.000000 1.000000 1.000000
3049.127930 0.000000 3259.794434 0.000000 0.998675 0.000000 -0.051465 1.000000 1.000000 1.000000
3067.709961 0.000000 3258.375977 0.000000 0.964983 0.000000 0.262313 1.000000 1.000000 1.000000
3047.106201 0.000000 3257.405029 0.000000 0.983961 0.000000 -0.178386 1.000000 1.000000 1.000000
3037.833496 0.000000 3258.679199 0.000000 0.980128 0.000000 -0.198366 1.000000 1.000000 1.000000
3053.967773 0.000000 3258.072754 0.000000 0.885139 0.000000 -0.465327 1.000000 1.000000 1.000000
3066.809570 0.000000 3261.013184 0.000000 0.958798 0.000000 0.284089 1.000000 1.000000 1.000000
3062.026367 0.000000 3259.826904 0.000000 0.999924 0.000000 0.012341 1.000000 1.000000 1.000000
3044.333984 0.000000 3257.238281 0.000000 0.993318 0.000000 0.115411 1.000000 1.000000 1.000000
3060.534912 0.000000 3260.654053 0.000000 0.919351 0.000000 -0.393439 1.000000 1.000000 1.000000
3059.329834 0.000000 3300.037598 0.000000 0.968555 0.000000 0.248799 1.000000 1.000000 1.000000
3024.699463 0.000000 3280.620605 0.000000 0.990565 0.000000 0.137044 1.000000 1.000000 1.000000
3044.980957 0.000000 3296.333496 0.000000 0.952514 0.000000 0.304495 1.000000 1.000000 1.000000
3068.090576 0.000000 3307.012695 0.000000 0.999256 0.000000 -0.038563 1.000000 1.000000 1.000000
3038.566650 0.000000 3291.462402 0.000000 0.905893 0.000000 0.423507 1.000000 1.000000 1.000000
3036.405518 0.000000 3278.513916 0.000000 0.994073 0.000000 0.108713 1.000000 1.000000 1.000000
3047.480225 0.000000 3302.642334 0.000000 0.993796 0.000000 0.111215 1.000000 1.000000 1.000000
3046.584961 0.000000 3315.591553 0.000000 0.999994 0.000000 -0.003393 1.000000 1.000000 1.000000
3052.848633 0.000000 3299.592773 0.000000 0.985708 0.000000 -0.168463 1.000000 1.000000 1.000000
3024.225830 0.000000 3266.957764 0.000000 0.978149 0.000000 -0.207907 1.000000 1.000000 1.000000
3049.067871 0.000000 3265.274414 0.000000 0.994159 0.000000 0.107923 1.000000 1.000000 1.000000
3041.300537 0.000000 3304.071777 0.000000 0.961314 0.000000 -0.275453 1.000000 1.000000 1.000000
3055.875732 0.000000 3311.402100 0.000000 0.965530 0.000000 0.260290 1.000000 1.000000 1.000000
3042.727783 0.000000 3288.812256 0.000000 0.910839 0.000000 0.412762 1.000000 1.000000 1.000000
3048.791748 0.000000 3293.357910 0.000000 0.953828 0.000000 -0.300352 1.000000 1.000000 1.000000
3031.922363 0.000000 3273.126709 0.000000 0.998620 0.000000 -0.052512 1.000000 1.000000 1.000000
3062.329102 0.000000 3274.467041 0.000000 0.893489 0.000000 -0.449084 1.000000 1.000000 1.000000
3058.687012 0.000000 3281.932617 0.000000 0.998435 0.000000 -0.055919 1.000000 1.000000 1.000000
3055.807129 0.000000 3302.651855 0.000000 0.940309 0.000000 0.340322 1.000000 1.000000 1.000000
3026.582031 0.000000 3293.045898 0.000000 0.910150 0.000000 0.414279 1.000000 1.000000 1.000000
3069.943359 0.000000 3303.348389 0.000000 0.974076 0.000000 -0.226222 1.000000 1.000000 1.000000
3033.091309 0.000000 3264.865723 0.000000 0.997863 0.000000 0.065334 1.000000 1.000000 1.000000
3025.162842 0.000000 3263.208984 0.000000 0.981388 0.000000 0.192038 1.000000 1.000000 1.000000
3040.295410 0.000000 3278.606689 0.000000 0.993628 0.000000 0.112708 1.000000 1.000000 1.000000
3028.413330 0.000000 3281.046631 0.000000 0.990526 0.000000 -0.137328 1.000000 1.000000 1.000000
3070.291992 0.000000 3287.518799 0.000000 0.995014 0.000000 0.099737 1.000000 1.000000 1.000000
3041.377930 0.000000 3310.156250 0.000000 0.959024 0.000000 0.283324 1.000000 1.000000 1.000000
3027.996582 0.000000 3266.833740 0.000000 0.997275 0.000000 -0.073769 1.000000 1.000000 1.000000
3046.507080 0.000000 3272.063477 0.000000 0.971767 0.000000 0.235941 1.000000 1.000000 1.000000
3058.641846 0.000000 3273.375000 0.000000 0.984740 0.000000 0.174032 1.000000 1.000000 1.000000
3034.659180 0.000000 3267.750244 0.000000 0.959195 0.000000 0.282744 1.000000 1.000000 1.000000
3056.154297 0.000000 3299.043457 0.000000 0.945789 0.000000 0.324780 1.000000 1.000000 1.000000
3056.689697 0.000000 3268.955078 0.000000 0.997204 0.000000 -0.074729 1.000000 1.000000 1.000000
3051.342285 0.000000 3281.880127 0.000000 0.896014 0.000000 -0.444025 1.000000 1.000000 1.000000
3045.222412 0.000000 3276.935547 0.000000 0.987481 0.000000 0.157738 1.000000 1.000000 1.000000
3053.020020 0.000000 3309.597168 0.000000 0.997087 0.000000 0.076266 1.000000 1.000000 1.000000
3069.220215 0.000000 3296.285400 0.000000 0.995693 0.000000 0.092711 1.000000 1.000000 1.000000
3069.512207 0.000000 3267.360107 0.000000 0.910723 0.000000 -0.413018 1.000000 1.000000 1.000000
3061.267578 0.000000 3302.455811 0.000000 0.994822 0.000000 0.101632 1.000000 1.000000 1.000000
3045.253418 0.000000 3286.801514 0.000000 0.999702 0.000000 -0.024406 1.000000 1.000000 1.000000
3040.224609 0.000000 3287.083740 0.000000 0.962157 0.000000 0.272495 1.000000 1.000000 1.000000
3030.947510 0.000000 3291.738037 0.000000 0.953955 0.000000 -0.299949 1.000000 1.000000 1.000000
3047.063477 0.000000 3299.760010 0.000000 0.989171 0.000000 -0.146770 1.000000 1.000000 1.000000
3035.927002 0.000000 3300.534424 0.000000 0.936445 0.000000 -0.350816 1.000000 1.000000 1.000000
3038.025635 0.000000 3294.523682 0.000000 0.960364 0.000000 -0.278749 1.000000 1.000000 1.000000
3057.239258 0.000000 3279.500732 0.000000 0.992847 0.000000 0.119392 1.000000 1.000000 1.000000
3063.158447 0.000000 3295.608643 0.000000 0.873129 0.000000 0.487490 1.000000 1.000000 1.000000
3041.516113 0.000000 3281.237793 0.000000 0.947528 0.000000 -0.319672 1.000000 1.000000 1.000000
3046.604980 0.000000 3281.052002 0.000000 0.875996 0.000000 -0.482319 1.000000 1.000000 1.000000
3050.539795 0.000000 3287.820068 0.000000 0.985806 0.000000 0.167886 1.000000 1.000000 1.000000
3048.810547 0.000000 3283.145264 0.000000 0.966312 0.000000 0.257373 1.000000 1.000000 1.000000
3033.158936 0.000000 3302.684326 0.000000 0.913445 0.000000 0.406962 1.000000 1.000000 1.000000
3054.826172 0.000000 3296.320312 0.000000 0.934330 0.000000 0.356410 1.000000 1.000000 1.000000
3033.143555 0.000000 3293.672119 0.000000 0.957433 0.000000 0.288655 1.000000 1.000000 1.000000
3066.049072 0.000000 3305.089111 0.000000 0.906899 0.000000 -0.421348 1.000000 1.000000 1.000000
3047.062988 0.000000 3263.257080 0.000000 0.917615 0.000000 -0.397470 1.000000 1.000000 1.000000
3034.583740 0.000000 3287.449951 0.000000 0.906530 0.000000 0.422142 1.000000 1.000000 1.000000
3050.227295 0.000000 3273.862061 0.000000 0.910223 0.000000 -0.414118 1.000000 1.000000 1.000000
3056.020752 0.000000 3282.520752 0.000000 0.976497 0.000000 -0.215533 1.000000 1.000000 1.000000
3059.833496 0.000000 3290.900391 0.000000 0.944293 0.000000 -0.329107 1.000000 1.000000 1.000000
3035.942871 0.000000 3297.919189 0.000000 0.989852 0.000000 0.142101 1.000000 1.000000 1.000000
3066.496582 0.000000 3283.547363 0.000000 0.999934 0.000000 -0.011466 1.000000 1.000000 1.000000
3058.095215 0.000000 3286.752930 0.000000 0.992975 0.000000 -0.118324 1.000000 1.000000 1.000000
3046.429932 0.000000 3294.278076 0.000000 0.979131 0.000000 0.203233 1.000000 1.000000 1.000000
3047.201416 0.000000 3291.263916 0.000000 0.991454 0.000000 0.130457 1.000000 1.000000 1.000000
3051.229980 0.000000 3293.851074 0.000000 0.936474 0.000000 -0.350736 1.000000 1.000000 1.000000
3064.845459 0.000000 3288.468018 0.000000 0.976559 0.000000 -0.215252 1.000000 1.000000 1.000000
3070.514160 0.000000 3281.795654 0.000000 0.970514 0.000000 -0.241045 1.000000 1.000000 1.000000
3067.022461 0.000000 3278.941650 0.000000 0.999938 0.000000 -0.011145 1.000000 1.000000 1.000000
3068.004150 0.000000 3271.793213 0.000000 0.912021 0.000000 -0.410143 1.000000 1.000000 1.000000
3035.809082 0.000000 3280.781738 0.000000 0.875282 0.000000 -0.483613 1.000000 1.000000 1.000000
3028.838623 0.000000 3269.070557 0.000000 0.879754 0.000000 0.475430 1.000000 1.000000 1.000000
3068.287109 0.000000 3286.422119 0.000000 0.928021 0.000000 -0.372529 1.000000 1.000000 1.000000
3055.335449 0.000000 3267.108154 0.000000 0.995882 0.000000 0.090659 1.000000 1.000000 1.000000
3039.568604 0.000000 3282.465820 0.000000 0.989304 0.000000 0.145871 1.000000 1.000000 1.000000
3039.442871 0.000000 3305.424805 0.000000 0.967843 0.000000 0.251555 1.000000 1.000000 1.000000
3057.321045 0.000000 3263.862549 0.000000 0.970419 0.000000 0.241429 1.000000 1.000000 1.000000
3063.611816 0.000000 3281.619141 0.000000 0.964272 0.000000 0.264915 1.000000 1.000000 1.000000
3063.359131 0.000000 3293.330322 0.000000 0.942493 0.000000 -0.334226 1.000000 1.000000 1.000000
3035.398193 0.000000 3302.665283 0.000000 0.907810 0.000000 -0.419382 1.000000 1.000000 1.000000
3067.955322 0.000000 3294.517334 0.000000 0.943562 0.000000 0.331195 1.000000 1.000000 1.000000
3071.462646 0.000000 3278.563477 0.000000 0.984905 0.000000 0.173096 1.000000 1.000000 1.000000
3043.177734 0.000000 3290.862793 0.000000 0.961209 0.000000 0.275822 1.000000 1.000000 1.000000
3044.371338 0.000000 3272.553711 0.000000 0.970437 0.000000 0.241356 1.000000 1.000000 1.000000
3026.846924 0.000000 3274.486572 0.000000 0.969207 0.000000 -0.246247 1.000000 1.000000 1.000000
3070.948242 0.000000 3297.467773 0.000000 0.867657 0.000000 -0.497163 1.000000 1.000000 1.000000
3067.968750 0.000000 3265.961914 0.000000 0.987682 0.000000 -0.156472 1.000000 1.000000 1.000000
3070.918945 0.000000 3265.753418 0.000000 0.981309 0.000000 0.192440 1.000000 1.000000 1.000000
3064.819336 0.000000 3296.948242 0.000000 0.888485 0.000000 -0.458905 1.000000 1.000000 1.000000
3056.860596 0.000000 3265.809082 0.000000 0.870150 0.000000 0.492788 1.000000 1.000000 1.000000
3044.381836 0.000000 3284.851562 0.000000 0.922461 0.000000 0.386090 1.000000 1.000000 1.000000
3045.110107 0.000000 3263.843994 0.000000 0.942510 0.000000 0.334179 1.000000 1.000000 1.000000
3046.001709 0.000000 3278.895508 0.000000 0.938153 0.000000 -0.346221 1.000000 1.000000 1.000000
3063.679443 0.000000 3265.763672 0.000000 0.979481 0.000000 0.201539 1.000000 1.000000 1.000000
3064.134521 0.000000 3285.391846 0.000000 0.994298 0.000000 0.106639 1.000000 1.000000 1.000000
3053.497559 0.000000 3266.211914 0.000000 0.923186 0.000000 0.384353 1.000000 1.000000 1.000000
3061.991699 0.000000 3288.737549 0.000000 0.877309 0.000000 0.479926 1.000000 1.000000 1.000000
3056.737549 0.000000 3273.841064 0.000000 0.872548 0.000000 0.488529 1.000000 1.000000 1.000000
3060.448730 0.000000 3274.130859 0.000000 0.991719 0.000000 -0.128424 1.000000 1.000000 1.000000
3042.083008 0.000000 3279.264160 0.000000 0.941836 0.000000 -0.336074 1.000000 1.000000 1.000000
3054.814453 0.000000 3269.086670 0.000000 0.998019 0.000000 -0.062913 1.000000 1.000000 1.000000
3029.075684 0.000000 3272.908691 0.000000 0.966028 0.000000 0.258438 1.000000 1.000000 1.000000
3046.781250 0.000000 3269.649902 0.000000 0.990466 0.000000 0.137758 1.000000 1.000000 1.000000
3043.934082 0.000000 3265.588623 0.000000 0.926857 0.000000 0.375414 1.000000 1.000000 1.000000
3068.979492 0.000000 3270.226807 0.000000 0.916318 0.000000 -0.400452 1.000000 1.000000 1.000000
3036.874268 0.000000 3296.350830 0.000000 0.890859 0.000000 0.454280 1.000000 1.000000 1.000000
3069.889893 0.000000 3285.679443 0.000000 0.897142 0.000000 -0.441742 1.000000 1.000000 1.000000
3069.949707 0.000000 3271.720459 0.000000 0.949048 0.000000 -0.315132 1.000000 1.000000 1.000000
3030.030518 0.000000 3281.624756 0.000000 0.927335 0.000000 -0.374232 1.000000 1.000000 1.000000
3029.689697 0.000000 3267.550049 0.000000 0.985427 0.000000 -0.170100 1.000000 1.000000 1.000000
3061.040039 0.000000 3264.533203 0.000000 0.964040 0.000000 -0.265758 1.000000 1.000000 1.000000
3056.206543 0.000000 3280.845459 0.000000 0.998403 0.000000 0.056490 1.000000 1.000000 1.000000
3058.686768 0.000000 3265.015625 0.000000 0.977236 0.000000 -0.212157 1.000000 1.000000 1.000000
3047.914307 0.000000 3266.484375 0.000000 0.966155 0.000000 0.257962 1.000000 1.000000 1.000000
3069.718750 0.000000 3268.879639 0.000000 0.872878 0.000000 -0.487938 1.000000 1.000000 1.000000
3053.920166 0.000000 3271.962891 0.000000 0.988717 0.000000 -0.149794 1.000000 1.000000 1.000000
3065.110596 0.000000 3266.342529 0.000000 0.982171 0.000000 -0.187990 1.000000 1.000000 1.000000
3069.395508 0.000000 3265.612305 0.000000 0.989900 0.000000 0.141770 1.000000 1.000000 1.000000
3062.356201 0.000000 3265.288818 0.000000 0.866030 0.000000 0.499992 1.000000 1.000000 1.000000
3064.710449 0.000000 3264.742676 0.000000 0.935645 0.000000 0.352942 1.000000 1.000000 1.000000
3052.088867 0.000000 3267.298828 0.000000 0.923580 0.000000 -0.383407 1.000000 1.000000 1.000000
3061.419678 0.000000 3263.256836 0.000000 0.937385 0.000000 -0.348294 1.000000 1.000000 1.000000
3092.591309 0.000000 3258.265137 0.000000 0.987956 0.000000 0.154733 1.000000 1.000000 1.000000
3082.997803 0.000000 3237.026855 0.000000 0.982151 0.000000 -0.188095 1.000000 1.000000 1.000000
3117.514404 0.000000 3242.519287 0.000000 0.992140 0.000000 0.125136 1.000000 1.000000 1.000000
3091.250488 0.000000 3237.437988 0.000000 0.938417 0.000000 0.345505 1.000000 1.000000 1.000000
3076.877930 0.000000 3237.250977 0.000000 0.970116 0.000000 -0.242640 1.000000 1.000000 1.000000
3097.329590 0.000000 3255.010498 0.000000 0.966940 0.000000 0.255006 1.000000 1.000000 1.000000
3083.683594 0.000000 3244.872803 0.000000 0.990762 0.000000 -0.135611 1.000000 1.000000 1.000000
3093.395752 0.000000 3253.564941 0.000000 0.987174 0.000000 -0.159648 1.000000 1.000000 1.000000
3100.335449 0.000000 3257.915527 0.000000 0.986813 0.000000 0.161864 1.000000 1.000000 1.000000
3090.377441 0.000000 3241.577393 0.000000 0.999995 0.000000 0.003228 1.000000 1.000000 1.000000
3071.832764 0.000000 3245.654053 0.000000 0.999936 0.000000 -0.011332 1.000000 1.000000 1.000000
3083.225586 0.000000 3240.799561 0.000000 0.988953 0.000000 0.148230 1.000000 1.000000 1.000000
3110.855225 0.000000 3247.916748 0.000000 0.992193 0.000000 0.124709 1.000000 1.000000 1.000000
3120.900391 0.000000 3250.775391 0.000000 0.952575 0.000000 0.304305 1.000000 1.000000 1.000000
3098.571045 0.000000 3248.719971 0.000000 0.956636 0.000000 -0.291285 1.000000 1.000000 1.000000
3107.777100 0.000000 3248.193115 0.000000 0.924620 0.000000 0.380892 1.000000 1.000000 1.000000
3117.012207 0.000000 3245.612793 0.000000 0.923878 0.000000 -0.382688 1.000000 1.000000 1.000000
3091.098145 0.000000 3261.064453 0.000000 0.923890 0.000000 0.382657 1.000000 1.000000 1.000000
3102.485596 0.000000 3260.188477 0.000000 0.999947 0.000000 -0.010337 1.000000 1.000000 1.000000
3104.764893 0.000000 3257.624756 0.000000 0.940391 0.000000 0.340095 1.000000 1.000000 1.000000
3073.259521 0.000000 3252.938477 0.000000 0.936184 0.000000 0.351511 1.000000 1.000000 1.000000
3073.575195 0.000000 3258.379395 0.000000 0.871451 0.000000 0.490483 1.000000 1.000000 1.000000
3085.913574 0.000000 3246.260498 0.000000 0.895709 0.000000 0.444642 1.000000 1.000000 1.000000
3087.841064 0.000000 3258.847412 0.000000 0.993284 0.000000 0.115703 1.000000 1.000000 1.000000
3115.003174 0.000000 3244.172363 0.000000 0.891133 0.000000 0.453743 1.000000 1.000000 1.000000
3108.379150 0.000000 3250.610596 0.000000 0.941614 0.000000 0.336694 1.000000 1.000000 1.000000
3082.861572 0.000000 3258.768799 0.000000 0.905815 0.000000 -0.423674 1.000000 1.000000 1.000000
3089.249268 0.000000 3246.528076 0.000000 0.923365 0.000000 -0.383923 1.000000 1.000000 1.000000
3098.970459 0.000000 3260.115967 0.000000 0.978446 0.000000 0.206504 1.000000 1.000000 1.000000
3112.628906 0.000000 3252.531494 0.000000 0.873774 0.000000 -0.486332 1.000000 1.000000 1.000000
3094.601807 0.000000 3259.321289 0.000000 0.996302 0.000000 0.085915 1.000000 1.000000 1.000000
3111.167480 0.000000 3255.073730 0.000000 0.903866 0.000000 0.427815 1.000000 1.000000 1.000000
3102.407959 0.000000 3257.272217 0.000000 0.969396 0.000000 0.245504 1.000000 1.000000 1.000000
3071.626709 0.000000 3257.607666 0.000000 0.999564 0.000000 0.029516 1.000000 1.000000 1.000000
3107.291992 0.000000 3252.932129 0.000000 0.999730 0.000000 0.023253 1.000000 1.000000 1.000000
3080.869141 0.000000 3247.021484 0.000000 0.999942 0.000000 0.010793 1.000000 1.000000 1.000000
3087.156738 0.000000 3263.192871 0.000000 0.905207 0.000000 0.424970 1.000000 1.000000 1.000000
3114.919434 0.000000 3249.015137 0.000000 0.992053 0.000000 0.125820 1.000000 1.000000 1.000000
3087.833740 0.000000 3255.054932 0.000000 0.879242 0.000000 0.476376 1.000000 1.000000 1.000000
3085.394043 0.000000 3250.730957 0.000000 0.997955 0.000000 -0.063913 1.000000 1.000000 1.000000
3106.533447 0.000000 3256.848877 0.000000 0.988399 0.000000 0.151882 1.000000 1.000000 1.000000
3075.427734 0.000000 3262.639404 0.000000 0.995404 0.000000 0.095760 1.000000 1.000000 1.000000
3075.378662 0.000000 3248.557617 0.000000 0.996370 0.000000 0.085126 1.000000 1.000000 1.000000
3091.692627 0.000000 3243.031250 0.000000 0.948807 0.000000 -0.315856 1.000000 1.000000 1.000000
3086.354492 0.000000 3260.667236 0.000000 0.900579 0.000000 -0.434692 1.000000 1.000000 1.000000
3099.299805 0.000000 3256.014160 0.000000 0.967453 0.000000 -0.253051 1.000000 1.000000 1.000000
3071.941162 0.000000 3254.139160 0.000000 0.882549 0.000000 0.470221 1.000000 1.000000 1.000000
3071.723877 0.000000 3262.068848 0.000000 0.996441 0.000000 -0.084288 1.000000 1.000000 1.000000
3099.992188 0.000000 3270.867920 0.000000 0.999117 0.000000 -0.042026 1.000000 1.000000 1.000000
3073.601074 0.000000 3306.214600 0.000000 0.999994 0.000000 0.003338 1.000000 1.000000 1.000000
3079.792236 0.000000 3292.527588 0.000000 0.993488 0.000000 -0.113935 1.000000 1.000000 1.000000
3087.831055 0.000000 3289.790771 0.000000 0.991911 0.000000 -0.126938 1.000000 1.000000 1.000000
3107.147949 0.000000 3274.347900 0.000000 0.964073 0.000000 0.265638 1.000000 1.000000 1.000000
3100.397705 0.000000 3278.513916 0.000000 0.953492 0.000000 0.301417 1.000000 1.000000 1.000000
3082.796875 0.000000 3288.274170 0.000000 0.954553 0.000000 0.298043 1.000000 1.000000 1.000000
3074.387695 0.000000 3292.745361 0.000000 0.990088 0.000000 -0.140447 1.000000 1.000000 1.000000
3091.500977 0.000000 3284.681885 0.000000 0.989030 0.000000 -0.147718 1.000000 1.000000 1.000000
3107.914062 0.000000 3279.753174 0.000000 0.873924 0.000000 -0.486062 1.000000 1.000000 1.000000
3079.791748 0.000000 3297.386475 0.000000 0.986731 0.000000 -0.162363 1.000000 1.000000 1.000000
3085.223389 0.000000 3283.986572 0.000000 0.957743 0.000000 -0.287626 1.000000 1.000000 1.000000
3101.250977 0.000000 3282.617188 0.000000 0.986272 0.000000 0.165127 1.000000 1.000000 1.000000
3075.793945 0.000000 3264.456787 0.000000 0.993888 0.000000 0.110389 1.000000 1.000000 1.000000
3089.155029 0.000000 3263.208984 0.000000 0.986762 0.000000 0.162174 1.000000 1.000000 1.000000
3087.667236 0.000000 3270.759033 0.000000 0.972697 0.000000 -0.232079 1.000000 1.000000 1.000000
3092.405518 0.000000 3281.046631 0.000000 0.991665 0.000000 0.128842 1.000000 1.000000 1.000000
3088.233643 0.000000 3286.223389 0.000000 0.916602 0.000000 -0.399800 1.000000 1.000000 1.000000
3074.970459 0.000000 3276.265869 0.000000 0.901820 0.000000 -0.432111 1.000000 1.000000 1.000000
3072.156982 0.000000 3263.353027 0.000000 0.952557 0.000000 -0.304360 1.000000 1.000000 1.000000
3080.772461 0.000000 3280.401123 0.000000 0.998615 0.000000 -0.052606 1.000000 1.000000 1.000000
3071.699951 0.000000 3294.278564 0.000000 0.992607 0.000000 0.121369 1.000000 1.000000 1.000000
3094.613037 0.000000 3283.240723 0.000000 0.956103 0.000000 0.293030 1.000000 1.000000 1.000000
3077.071289 0.000000 3291.308105 0.000000 0.915716 0.000000 0.401827 1.000000 1.000000 1.000000
3085.543213 0.000000 3280.787842 0.000000 0.914623 0.000000 -0.404307 1.000000 1.000000 1.000000
3071.675049 0.000000 3291.186768 0.000000 0.979060 0.000000 0.203571 1.000000 1.000000 1.000000
3081.286865 0.000000 3267.183594 0.000000 0.998882 0.000000 -0.047264 1.000000 1.000000 1.000000
3101.769531 0.000000 3267.857178 0.000000 0.984793 0.000000 -0.173730 1.000000 1.000000 1.000000
3103.126709 0.000000 3271.795166 0.000000 0.919143 0.000000 0.393923 1.000000 1.000000 1.000000
3083.021729 0.000000 3281.998535 0.000000 0.959654 0.000000 -0.281182 1.000000 1.000000 1.000000
3075.858643 0.000000 3279.097168 0.000000 0.961613 0.000000 -0.274410 1.000000 1.000000 1.000000
3074.234375 0.000000 3286.503906 0.000000 0.983439 0.000000 -0.181240 1.000000 1.000000 1.000000
3111.055176 0.000000 3263.257080 0.000000 0.999896 0.000000 -0.014399 1.000000 1.000000 1.000000
3094.685791 0.000000 3265.918213 0.000000 0.907214 0.000000 0.420670 1.000000 1.000000 1.000000
3096.076172 0.000000 3275.673096 0.000000 0.889335 0.000000 0.457256 1.000000 1.000000 1.000000
3100.593018 0.000000 3273.306641 0.000000 0.998092 0.000000 0.061742 1.000000 1.000000 1.000000
3083.904541 0.000000 3266.244873 0.000000 0.997509 0.000000 -0.070545 1.000000 1.000000 1.000000
3094.747803 0.000000 3279.991699 0.000000 0.998025 0.000000 0.062816 1.000000 1.000000 1.000000
3076.158203 0.000000 3266.986328 0.000000 0.975548 0.000000 0.219785 1.000000 1.000000 1.000000
3090.032471 0.000000 3265.364990 0.000000 0.994646 0.000000 0.103338 1.000000 1.000000 1.000000
3098.188232 0.000000 3272.814209 0.000000 0.942817 0.000000 0.333311 1.000000 1.000000 1.000000
3104.929688 0.000000 3275.282227 0.000000 0.946388 0.000000 0.323033 1.000000 1.000000 1.000000
3090.744873 0.000000 3282.550537 0.000000 0.987722 0.000000 0.156223 1.000000 1.000000 1.000000
3096.634521 0.000000 3266.988037 0.000000 0.891239 0.000000 -0.453535 1.000000 1.000000 1.000000
3099.155518 0.000000 3265.680176 0.000000 0.986069 0.000000 -0.166335 1.000000 1.000000 1.000000
3071.661621 0.000000 3299.849854 0.000000 0.950880 0.000000 -0.309560 1.000000 1.000000 1.000000
3081.373535 0.000000 3278.292236 0.000000 0.956823 0.000000 0.290672 1.000000 1.000000 1.000000
3102.441650 0.000000 3263.275635 0.000000 0.982305 0.000000 0.187286 1.000000 1.000000 1.000000
3102.081543 0.000000 3269.904785 0.000000 0.939428 0.000000 0.342746 1.000000 1.000000 1.000000
3088.859863 0.000000 3278.249512 0.000000 0.981888 0.000000 -0.189460 1.000000 1.000000 1.000000
3072.993164 0.000000 3268.288086 0.000000 0.979059 0.000000 0.203579 1.000000 1.000000 1.000000
3107.031006 0.000000 3268.902344 0.000000 0.999935 0.000000 -0.011416 1.000000 1.000000 1.000000
3073.641357 0.000000 3274.777100 0.000000 0.983079 0.000000 -0.183182 1.000000 1.000000 1.000000
3079.118408 0.000000 3281.798340 0.000000 0.982091 0.000000 -0.188409 1.000000 1.000000 1.000000
3092.863037 0.000000 3278.911865 0.000000 0.973444 0.000000 -0.228925 1.000000 1.000000 1.000000
3089.515625 0.000000 3271.377197 0.000000 0.997486 0.000000 -0.070859 1.000000 1.000000 1.000000
3088.133789 0.000000 3265.042236 0.000000 0.984301 0.000000 0.176496 1.000000 1.000000 1.000000
3088.522705 0.000000 3268.796631 0.000000 0.946004 0.000000 0.324156 1.000000 1.000000 1.000000
3100.237061 0.000000 3268.995850 0.000000 0.921850 0.000000 -0.387548 1.000000 1.000000 1.000000
3093.067871 0.000000 3272.908691 0.000000 0.926128 0.000000 0.377209 1.000000 1.000000 1.000000
3078.721191 0.000000 3279.950684 0.000000 0.967951 0.000000 -0.251139 1.000000 1.000000 1.000000
3104.791992 0.000000 3271.018555 0.000000 0.974044 0.000000 -0.226360 1.000000 1.000000 1.000000
3086.407471 0.000000 3266.618164 0.000000 0.943169 0.000000 0.332314 1.000000 1.000000 1.000000
3072.634277 0.000000 3292.693604 0.000000 0.999628 0.000000 0.027271 1.000000 1.000000 1.000000
3078.281006 0.000000 3286.332031 0.000000 0.956821 0.000000 0.290678 1.000000 1.000000 1.000000
3078.926025 0.000000 3276.290527 0.000000 0.927362 0.000000 -0.374165 1.000000 1.000000 1.000000
3093.681885 0.000000 3267.550049 0.000000 0.948964 0.000000 0.315384 1.000000 1.000000 1.000000
3083.895508 0.000000 3280.303955 0.000000 0.943275 0.000000 -0.332013 1.000000 1.000000 1.000000
"}
object={
	name="tree_pine_01_a_generator_1_2"
	clamp_to_water_level=no
	render_under_water=no
	generated_content=yes
	layer="tree_high_layer"
	pdxmesh="tree_pine_single_01_c_mesh"
	count=300
	transform="3044.837891 0.000000 3245.136475 0.000000 0.590715 0.000000 -0.806880 1.000000 1.000000 1.000000
3033.337402 0.000000 3255.010498 0.000000 0.529709 0.000000 -0.848179 1.000000 1.000000 1.000000
3050.241699 0.000000 3247.053467 0.000000 0.415411 0.000000 -0.909634 1.000000 1.000000 1.000000
3042.066162 0.000000 3251.213623 0.000000 0.165790 0.000000 -0.986161 1.000000 1.000000 1.000000
3038.359375 0.000000 3243.412842 0.000000 0.663299 0.000000 -0.748354 1.000000 1.000000 1.000000
3060.142090 0.000000 3249.764404 0.000000 0.453799 0.000000 -0.891104 1.000000 1.000000 1.000000
3049.326172 0.000000 3254.778809 0.000000 0.540263 0.000000 -0.841496 1.000000 1.000000 1.000000
3052.174072 0.000000 3261.984131 0.000000 0.828480 0.000000 -0.560019 1.000000 1.000000 1.000000
3061.622070 0.000000 3261.284912 0.000000 0.181805 0.000000 -0.983335 1.000000 1.000000 1.000000
3046.863037 0.000000 3247.916748 0.000000 0.798290 0.000000 -0.602274 1.000000 1.000000 1.000000
3056.908203 0.000000 3250.775391 0.000000 0.522114 0.000000 -0.852876 1.000000 1.000000 1.000000
3038.493408 0.000000 3260.188477 0.000000 0.825682 0.000000 -0.564136 1.000000 1.000000 1.000000
3044.966797 0.000000 3260.648438 0.000000 0.701590 0.000000 -0.712581 1.000000 1.000000 1.000000
3055.512695 0.000000 3257.843994 0.000000 0.782960 0.000000 -0.622072 1.000000 1.000000 1.000000
3039.152100 0.000000 3252.183350 0.000000 0.751447 0.000000 -0.659794 1.000000 1.000000 1.000000
3030.754883 0.000000 3256.293945 0.000000 0.539569 0.000000 -0.841942 1.000000 1.000000 1.000000
3052.260010 0.000000 3254.486816 0.000000 0.456348 0.000000 -0.889802 1.000000 1.000000 1.000000
3047.941895 0.000000 3245.331787 0.000000 0.241121 0.000000 -0.970495 1.000000 1.000000 1.000000
3043.611084 0.000000 3258.415771 0.000000 0.216327 0.000000 -0.976321 1.000000 1.000000 1.000000
3063.622803 0.000000 3259.519775 0.000000 0.089685 0.000000 -0.995970 1.000000 1.000000 1.000000
3064.493652 0.000000 3254.079102 0.000000 0.596321 0.000000 -0.802746 1.000000 1.000000 1.000000
3060.343994 0.000000 3259.300293 0.000000 0.422683 0.000000 -0.906278 1.000000 1.000000 1.000000
3034.978271 0.000000 3260.115967 0.000000 0.074230 0.000000 -0.997241 1.000000 1.000000 1.000000
3034.128906 0.000000 3257.321777 0.000000 0.339714 0.000000 -0.940529 1.000000 1.000000 1.000000
3048.636719 0.000000 3252.531494 0.000000 0.857700 0.000000 -0.514151 1.000000 1.000000 1.000000
3038.077637 0.000000 3250.136230 0.000000 0.790369 0.000000 -0.612631 1.000000 1.000000 1.000000
3038.415771 0.000000 3257.272217 0.000000 0.038118 0.000000 -0.999273 1.000000 1.000000 1.000000
3043.299805 0.000000 3252.932129 0.000000 0.341756 0.000000 -0.939789 1.000000 1.000000 1.000000
3066.030029 0.000000 3259.720215 0.000000 0.560213 0.000000 -0.828349 1.000000 1.000000 1.000000
3046.176270 0.000000 3249.729736 0.000000 0.038804 0.000000 -0.999247 1.000000 1.000000 1.000000
3042.541260 0.000000 3256.848877 0.000000 0.790959 0.000000 -0.611869 1.000000 1.000000 1.000000
3040.792969 0.000000 3255.661621 0.000000 0.582929 0.000000 -0.812523 1.000000 1.000000 1.000000
3048.093018 0.000000 3250.483398 0.000000 0.258113 0.000000 -0.966115 1.000000 1.000000 1.000000
3063.391602 0.000000 3261.947754 0.000000 0.326451 0.000000 -0.945214 1.000000 1.000000 1.000000
3059.955078 0.000000 3255.200928 0.000000 0.581645 0.000000 -0.813442 1.000000 1.000000 1.000000
3044.104980 0.000000 3255.702393 0.000000 0.643548 0.000000 -0.765406 1.000000 1.000000 1.000000
3042.724121 0.000000 3249.554688 0.000000 0.572717 0.000000 -0.819753 1.000000 1.000000 1.000000
3064.537842 0.000000 3258.094238 0.000000 0.083442 0.000000 -0.996513 1.000000 1.000000 1.000000
3046.945801 0.000000 3253.399902 0.000000 0.699993 0.000000 -0.714150 1.000000 1.000000 1.000000
3044.999268 0.000000 3252.110352 0.000000 0.380358 0.000000 -0.924839 1.000000 1.000000 1.000000
3061.152588 0.000000 3262.850098 0.000000 0.721722 0.000000 -0.692183 1.000000 1.000000 1.000000
3067.280762 0.000000 3256.422852 0.000000 0.763248 0.000000 -0.646105 1.000000 1.000000 1.000000
3051.021973 0.000000 3258.113525 0.000000 0.001250 0.000000 -0.999999 1.000000 1.000000 1.000000
3052.027100 0.000000 3256.009033 0.000000 0.862646 0.000000 -0.505808 1.000000 1.000000 1.000000
3047.562012 0.000000 3262.582275 0.000000 0.378246 0.000000 -0.925705 1.000000 1.000000 1.000000
3056.904297 0.000000 3258.316162 0.000000 0.856261 0.000000 -0.516544 1.000000 1.000000 1.000000
3052.221924 0.000000 3258.951172 0.000000 0.750440 0.000000 -0.660939 1.000000 1.000000 1.000000
3039.723877 0.000000 3256.621338 0.000000 0.509715 0.000000 -0.860343 1.000000 1.000000 1.000000
3043.761719 0.000000 3254.239990 0.000000 0.398455 0.000000 -0.917188 1.000000 1.000000 1.000000
3059.693359 0.000000 3262.627686 0.000000 0.218337 0.000000 -0.975874 1.000000 1.000000 1.000000
3063.020508 0.000000 3260.720459 0.000000 0.061977 0.000000 -0.998078 1.000000 1.000000 1.000000
3062.262939 0.000000 3262.413086 0.000000 0.291007 0.000000 -0.956721 1.000000 1.000000 1.000000
3030.606445 0.000000 3294.635010 0.000000 0.668813 0.000000 -0.743431 1.000000 1.000000 1.000000
3034.602539 0.000000 3305.008545 0.000000 0.355579 0.000000 -0.934646 1.000000 1.000000 1.000000
3053.276367 0.000000 3315.658447 0.000000 0.630361 0.000000 -0.776302 1.000000 1.000000 1.000000
3029.207520 0.000000 3263.557129 0.000000 0.129324 0.000000 -0.991602 1.000000 1.000000 1.000000
3027.271729 0.000000 3272.226807 0.000000 0.179970 0.000000 -0.983672 1.000000 1.000000 1.000000
3023.838867 0.000000 3289.790771 0.000000 0.768524 0.000000 -0.639821 1.000000 1.000000 1.000000
3068.903076 0.000000 3299.354980 0.000000 0.012005 0.000000 -0.999928 1.000000 1.000000 1.000000
3038.331787 0.000000 3311.870361 0.000000 0.463057 0.000000 -0.886328 1.000000 1.000000 1.000000
3030.360596 0.000000 3277.522949 0.000000 0.836859 0.000000 -0.547418 1.000000 1.000000 1.000000
3037.137451 0.000000 3264.926758 0.000000 0.192866 0.000000 -0.981225 1.000000 1.000000 1.000000
3045.060059 0.000000 3268.947266 0.000000 0.473169 0.000000 -0.880972 1.000000 1.000000 1.000000
3031.114502 0.000000 3268.506104 0.000000 0.543140 0.000000 -0.839642 1.000000 1.000000 1.000000
3033.040039 0.000000 3299.933838 0.000000 0.681956 0.000000 -0.731393 1.000000 1.000000 1.000000
3065.936523 0.000000 3295.192139 0.000000 0.387289 0.000000 -0.921958 1.000000 1.000000 1.000000
3027.508789 0.000000 3284.681885 0.000000 0.819809 0.000000 -0.572637 1.000000 1.000000 1.000000
3061.745605 0.000000 3278.984131 0.000000 0.639639 0.000000 -0.768676 1.000000 1.000000 1.000000
3033.822266 0.000000 3291.042480 0.000000 0.477176 0.000000 -0.878808 1.000000 1.000000 1.000000
3037.202881 0.000000 3286.836426 0.000000 0.781768 0.000000 -0.623569 1.000000 1.000000 1.000000
3059.503662 0.000000 3304.909668 0.000000 0.022335 0.000000 -0.999751 1.000000 1.000000 1.000000
3035.201660 0.000000 3295.453369 0.000000 0.495732 0.000000 -0.868476 1.000000 1.000000 1.000000
3048.991943 0.000000 3306.726807 0.000000 0.860376 0.000000 -0.509659 1.000000 1.000000 1.000000
3038.710205 0.000000 3274.615479 0.000000 0.437167 0.000000 -0.899380 1.000000 1.000000 1.000000
3040.719238 0.000000 3295.462402 0.000000 0.561393 0.000000 -0.827549 1.000000 1.000000 1.000000
3026.007812 0.000000 3276.511230 0.000000 0.771127 0.000000 -0.636682 1.000000 1.000000 1.000000
3037.258789 0.000000 3282.617188 0.000000 0.687231 0.000000 -0.726439 1.000000 1.000000 1.000000
3049.046875 0.000000 3297.636230 0.000000 0.160474 0.000000 -0.987040 1.000000 1.000000 1.000000
3058.852539 0.000000 3266.652344 0.000000 0.210673 0.000000 -0.977557 1.000000 1.000000 1.000000
3063.410645 0.000000 3298.494385 0.000000 0.827239 0.000000 -0.561850 1.000000 1.000000 1.000000
3044.919922 0.000000 3292.242920 0.000000 0.225676 0.000000 -0.974202 1.000000 1.000000 1.000000
3057.332520 0.000000 3291.586670 0.000000 0.493546 0.000000 -0.869719 1.000000 1.000000 1.000000
3053.156738 0.000000 3268.129150 0.000000 0.402786 0.000000 -0.915294 1.000000 1.000000 1.000000
3065.735840 0.000000 3280.994629 0.000000 0.275877 0.000000 -0.961193 1.000000 1.000000 1.000000
3063.537842 0.000000 3267.757324 0.000000 0.846875 0.000000 -0.531792 1.000000 1.000000 1.000000
3023.675049 0.000000 3270.759033 0.000000 0.451609 0.000000 -0.892216 1.000000 1.000000 1.000000
3057.061768 0.000000 3307.708740 0.000000 0.160318 0.000000 -0.987065 1.000000 1.000000 1.000000
3063.250977 0.000000 3290.361816 0.000000 0.058530 0.000000 -0.998286 1.000000 1.000000 1.000000
3070.818848 0.000000 3270.105957 0.000000 0.337333 0.000000 -0.941385 1.000000 1.000000 1.000000
3034.961670 0.000000 3275.095703 0.000000 0.560336 0.000000 -0.828265 1.000000 1.000000 1.000000
3064.140137 0.000000 3271.396484 0.000000 0.021860 0.000000 -0.999761 1.000000 1.000000 1.000000
3024.241455 0.000000 3286.223389 0.000000 0.341569 0.000000 -0.939857 1.000000 1.000000 1.000000
3022.788818 0.000000 3277.832520 0.000000 0.662863 0.000000 -0.748740 1.000000 1.000000 1.000000
3045.806885 0.000000 3265.717041 0.000000 0.722385 0.000000 -0.691491 1.000000 1.000000 1.000000
3060.549316 0.000000 3297.016113 0.000000 0.216229 0.000000 -0.976343 1.000000 1.000000 1.000000
3042.613525 0.000000 3266.908936 0.000000 0.713241 0.000000 -0.700918 1.000000 1.000000 1.000000
3059.846191 0.000000 3284.932373 0.000000 0.131539 0.000000 -0.991311 1.000000 1.000000 1.000000
3041.641357 0.000000 3292.370117 0.000000 0.287598 0.000000 -0.957751 1.000000 1.000000 1.000000
3056.173340 0.000000 3288.359619 0.000000 0.322857 0.000000 -0.946448 1.000000 1.000000 1.000000
3070.489746 0.000000 3276.593994 0.000000 0.838126 0.000000 -0.545477 1.000000 1.000000 1.000000
3059.573730 0.000000 3263.639893 0.000000 0.657920 0.000000 -0.753088 1.000000 1.000000 1.000000
3032.152344 0.000000 3288.517090 0.000000 0.716110 0.000000 -0.697988 1.000000 1.000000 1.000000
3026.373535 0.000000 3269.246094 0.000000 0.469180 0.000000 -0.883103 1.000000 1.000000 1.000000
3026.470215 0.000000 3288.093994 0.000000 0.392485 0.000000 -0.919758 1.000000 1.000000 1.000000
3029.878174 0.000000 3286.404785 0.000000 0.717419 0.000000 -0.696642 1.000000 1.000000 1.000000
3065.356201 0.000000 3292.376465 0.000000 0.423254 0.000000 -0.906011 1.000000 1.000000 1.000000
3041.680664 0.000000 3298.221680 0.000000 0.271282 0.000000 -0.962500 1.000000 1.000000 1.000000
3055.103027 0.000000 3274.978027 0.000000 0.009448 0.000000 -0.999955 1.000000 1.000000 1.000000
3039.134521 0.000000 3271.795166 0.000000 0.768005 0.000000 -0.640444 1.000000 1.000000 1.000000
3053.479248 0.000000 3283.761719 0.000000 0.196329 0.000000 -0.980538 1.000000 1.000000 1.000000
3047.941895 0.000000 3309.316162 0.000000 0.789758 0.000000 -0.613418 1.000000 1.000000 1.000000
3033.228516 0.000000 3270.517090 0.000000 0.730381 0.000000 -0.683040 1.000000 1.000000 1.000000
3051.872314 0.000000 3278.738281 0.000000 0.451228 0.000000 -0.892409 1.000000 1.000000 1.000000
3035.979492 0.000000 3292.731934 0.000000 0.305516 0.000000 -0.952187 1.000000 1.000000 1.000000
3043.784668 0.000000 3282.560791 0.000000 0.679508 0.000000 -0.733668 1.000000 1.000000 1.000000
3052.990967 0.000000 3286.473145 0.000000 0.260534 0.000000 -0.965465 1.000000 1.000000 1.000000
3056.252686 0.000000 3305.219727 0.000000 0.491613 0.000000 -0.870814 1.000000 1.000000 1.000000
3070.124512 0.000000 3290.259521 0.000000 0.812461 0.000000 -0.583016 1.000000 1.000000 1.000000
3051.575684 0.000000 3265.913330 0.000000 0.738855 0.000000 -0.673864 1.000000 1.000000 1.000000
3043.173096 0.000000 3294.446777 0.000000 0.456086 0.000000 -0.889936 1.000000 1.000000 1.000000
3063.457520 0.000000 3276.895020 0.000000 0.461545 0.000000 -0.887117 1.000000 1.000000 1.000000
3061.306885 0.000000 3281.612549 0.000000 0.201577 0.000000 -0.979473 1.000000 1.000000 1.000000
3038.750244 0.000000 3284.665283 0.000000 0.100006 0.000000 -0.994987 1.000000 1.000000 1.000000
3058.406250 0.000000 3302.403320 0.000000 0.668476 0.000000 -0.743734 1.000000 1.000000 1.000000
3051.010986 0.000000 3308.156738 0.000000 0.261753 0.000000 -0.965135 1.000000 1.000000 1.000000
3053.237549 0.000000 3270.623779 0.000000 0.383564 0.000000 -0.923514 1.000000 1.000000 1.000000
3042.845459 0.000000 3286.218994 0.000000 0.795287 0.000000 -0.606233 1.000000 1.000000 1.000000
3032.083984 0.000000 3275.673096 0.000000 0.147896 0.000000 -0.989003 1.000000 1.000000 1.000000
3045.024170 0.000000 3289.741943 0.000000 0.150878 0.000000 -0.988552 1.000000 1.000000 1.000000
3036.600830 0.000000 3273.306641 0.000000 0.688070 0.000000 -0.725644 1.000000 1.000000 1.000000
3038.344482 0.000000 3277.024414 0.000000 0.810000 0.000000 -0.586430 1.000000 1.000000 1.000000
3026.945557 0.000000 3290.646484 0.000000 0.502646 0.000000 -0.864492 1.000000 1.000000 1.000000
3041.190918 0.000000 3273.013428 0.000000 0.342637 0.000000 -0.939468 1.000000 1.000000 1.000000
3064.775879 0.000000 3300.464600 0.000000 0.637854 0.000000 -0.770157 1.000000 1.000000 1.000000
3053.703369 0.000000 3304.090088 0.000000 0.549337 0.000000 -0.835601 1.000000 1.000000 1.000000
3068.246826 0.000000 3275.647217 0.000000 0.447890 0.000000 -0.894089 1.000000 1.000000 1.000000
3051.279541 0.000000 3305.801270 0.000000 0.483372 0.000000 -0.875415 1.000000 1.000000 1.000000
3068.160156 0.000000 3281.844727 0.000000 0.041103 0.000000 -0.999155 1.000000 1.000000 1.000000
3066.055908 0.000000 3267.500244 0.000000 0.195514 0.000000 -0.980701 1.000000 1.000000 1.000000
3028.822510 0.000000 3292.604248 0.000000 0.538400 0.000000 -0.842690 1.000000 1.000000 1.000000
3038.631348 0.000000 3296.752686 0.000000 0.827388 0.000000 -0.561631 1.000000 1.000000 1.000000
3059.535645 0.000000 3279.731934 0.000000 0.070524 0.000000 -0.997510 1.000000 1.000000 1.000000
3040.937500 0.000000 3275.282227 0.000000 0.509186 0.000000 -0.860657 1.000000 1.000000 1.000000
3064.536865 0.000000 3274.843506 0.000000 0.099079 0.000000 -0.995080 1.000000 1.000000 1.000000
3050.824707 0.000000 3268.113037 0.000000 0.100914 0.000000 -0.994895 1.000000 1.000000 1.000000
3067.718750 0.000000 3291.912842 0.000000 0.531316 0.000000 -0.847174 1.000000 1.000000 1.000000
3058.108643 0.000000 3289.385010 0.000000 0.697401 0.000000 -0.716681 1.000000 1.000000 1.000000
3028.183594 0.000000 3276.870117 0.000000 0.764697 0.000000 -0.644390 1.000000 1.000000 1.000000
3057.821045 0.000000 3284.032715 0.000000 0.308326 0.000000 -0.951281 1.000000 1.000000 1.000000
3067.220947 0.000000 3263.320068 0.000000 0.381777 0.000000 -0.924254 1.000000 1.000000 1.000000
3048.296387 0.000000 3270.812256 0.000000 0.258261 0.000000 -0.966075 1.000000 1.000000 1.000000
3058.852051 0.000000 3268.948975 0.000000 0.316209 0.000000 -0.948690 1.000000 1.000000 1.000000
3065.160156 0.000000 3269.529297 0.000000 0.731944 0.000000 -0.681365 1.000000 1.000000 1.000000
3035.163330 0.000000 3265.680176 0.000000 0.607759 0.000000 -0.794121 1.000000 1.000000 1.000000
3038.089355 0.000000 3269.904785 0.000000 0.697582 0.000000 -0.716505 1.000000 1.000000 1.000000
3039.998535 0.000000 3267.055908 0.000000 0.530407 0.000000 -0.847743 1.000000 1.000000 1.000000
3054.941162 0.000000 3300.815186 0.000000 0.519156 0.000000 -0.854679 1.000000 1.000000 1.000000
3054.341309 0.000000 3298.253418 0.000000 0.828167 0.000000 -0.560481 1.000000 1.000000 1.000000
3068.532471 0.000000 3288.619385 0.000000 0.348489 0.000000 -0.937313 1.000000 1.000000 1.000000
3062.502197 0.000000 3270.267090 0.000000 0.255354 0.000000 -0.966848 1.000000 1.000000 1.000000
3028.635498 0.000000 3283.065430 0.000000 0.614039 0.000000 -0.789276 1.000000 1.000000 1.000000
3028.870850 0.000000 3278.911865 0.000000 0.233354 0.000000 -0.972392 1.000000 1.000000 1.000000
3038.671143 0.000000 3300.924316 0.000000 0.605323 0.000000 -0.795980 1.000000 1.000000 1.000000
3046.666748 0.000000 3267.445801 0.000000 0.734042 0.000000 -0.679104 1.000000 1.000000 1.000000
3039.611084 0.000000 3303.109619 0.000000 0.748592 0.000000 -0.663031 1.000000 1.000000 1.000000
3049.332031 0.000000 3302.264404 0.000000 0.418094 0.000000 -0.908404 1.000000 1.000000 1.000000
3061.068115 0.000000 3283.489502 0.000000 0.452479 0.000000 -0.891775 1.000000 1.000000 1.000000
3058.800781 0.000000 3275.315186 0.000000 0.426374 0.000000 -0.904547 1.000000 1.000000 1.000000
3033.796875 0.000000 3289.248047 0.000000 0.825378 0.000000 -0.564580 1.000000 1.000000 1.000000
3049.714844 0.000000 3269.603027 0.000000 0.135363 0.000000 -0.990796 1.000000 1.000000 1.000000
3050.101807 0.000000 3263.805664 0.000000 0.626920 0.000000 -0.779084 1.000000 1.000000 1.000000
3045.197266 0.000000 3270.849121 0.000000 0.354303 0.000000 -0.935131 1.000000 1.000000 1.000000
3064.784668 0.000000 3283.125244 0.000000 0.520930 0.000000 -0.853600 1.000000 1.000000 1.000000
3041.302246 0.000000 3305.831055 0.000000 0.263715 0.000000 -0.964601 1.000000 1.000000 1.000000
3029.322510 0.000000 3284.710938 0.000000 0.545021 0.000000 -0.838422 1.000000 1.000000 1.000000
3053.352295 0.000000 3264.433105 0.000000 0.604295 0.000000 -0.796761 1.000000 1.000000 1.000000
3051.748779 0.000000 3269.600586 0.000000 0.346254 0.000000 -0.938141 1.000000 1.000000 1.000000
3048.821289 0.000000 3287.488281 0.000000 0.475599 0.000000 -0.879662 1.000000 1.000000 1.000000
3032.186523 0.000000 3290.332031 0.000000 0.155829 0.000000 -0.987784 1.000000 1.000000 1.000000
3071.219238 0.000000 3268.043457 0.000000 0.596555 0.000000 -0.802572 1.000000 1.000000 1.000000
3030.756836 0.000000 3274.521240 0.000000 0.151740 0.000000 -0.988420 1.000000 1.000000 1.000000
3067.809326 0.000000 3267.914551 0.000000 0.326333 0.000000 -0.945255 1.000000 1.000000 1.000000
3040.133789 0.000000 3276.854248 0.000000 0.734820 0.000000 -0.678262 1.000000 1.000000 1.000000
3052.329834 0.000000 3280.389404 0.000000 0.378407 0.000000 -0.925639 1.000000 1.000000 1.000000
3056.124023 0.000000 3270.538330 0.000000 0.497688 0.000000 -0.867356 1.000000 1.000000 1.000000
3047.433105 0.000000 3264.933105 0.000000 0.368573 0.000000 -0.929599 1.000000 1.000000 1.000000
3070.751953 0.000000 3263.330078 0.000000 0.277280 0.000000 -0.960789 1.000000 1.000000 1.000000
3041.337891 0.000000 3267.922852 0.000000 0.762967 0.000000 -0.646437 1.000000 1.000000 1.000000
3055.981934 0.000000 3263.233398 0.000000 0.417463 0.000000 -0.908694 1.000000 1.000000 1.000000
3063.708740 0.000000 3269.250488 0.000000 0.459173 0.000000 -0.888347 1.000000 1.000000 1.000000
3067.864258 0.000000 3264.589355 0.000000 0.338788 0.000000 -0.940863 1.000000 1.000000 1.000000
3051.209717 0.000000 3264.585449 0.000000 0.587135 0.000000 -0.809489 1.000000 1.000000 1.000000
3087.997803 0.000000 3261.360107 0.000000 0.584484 0.000000 -0.811405 1.000000 1.000000 1.000000
3075.882568 0.000000 3246.579834 0.000000 0.268363 0.000000 -0.963318 1.000000 1.000000 1.000000
3119.867920 0.000000 3247.417725 0.000000 0.795507 0.000000 -0.605944 1.000000 1.000000 1.000000
3102.351562 0.000000 3243.412842 0.000000 0.372777 0.000000 -0.927921 1.000000 1.000000 1.000000
3091.398926 0.000000 3247.556641 0.000000 0.411457 0.000000 -0.911429 1.000000 1.000000 1.000000
3113.318359 0.000000 3254.778809 0.000000 0.170195 0.000000 -0.985410 1.000000 1.000000 1.000000
3094.634277 0.000000 3239.758057 0.000000 0.764280 0.000000 -0.644884 1.000000 1.000000 1.000000
3089.001709 0.000000 3256.534912 0.000000 0.564147 0.000000 -0.825674 1.000000 1.000000 1.000000
3094.108398 0.000000 3261.926270 0.000000 0.209668 0.000000 -0.977773 1.000000 1.000000 1.000000
3101.720703 0.000000 3238.791260 0.000000 0.692201 0.000000 -0.721704 1.000000 1.000000 1.000000
3087.407471 0.000000 3236.117188 0.000000 0.277908 0.000000 -0.960608 1.000000 1.000000 1.000000
3076.893799 0.000000 3240.893066 0.000000 0.530661 0.000000 -0.847584 1.000000 1.000000 1.000000
3075.110352 0.000000 3260.520264 0.000000 0.666692 0.000000 -0.745333 1.000000 1.000000 1.000000
3080.531006 0.000000 3257.865479 0.000000 0.842376 0.000000 -0.538890 1.000000 1.000000 1.000000
3112.867188 0.000000 3258.151123 0.000000 0.026826 0.000000 -0.999640 1.000000 1.000000 1.000000
3078.878174 0.000000 3260.515381 0.000000 0.485767 0.000000 -0.874088 1.000000 1.000000 1.000000
3077.033936 0.000000 3249.511963 0.000000 0.554915 0.000000 -0.831907 1.000000 1.000000 1.000000
3108.958984 0.000000 3260.648438 0.000000 0.506645 0.000000 -0.862155 1.000000 1.000000 1.000000
3088.636230 0.000000 3248.801270 0.000000 0.171299 0.000000 -0.985219 1.000000 1.000000 1.000000
3103.144287 0.000000 3252.183350 0.000000 0.051868 0.000000 -0.998654 1.000000 1.000000 1.000000
3082.770996 0.000000 3247.718750 0.000000 0.830340 0.000000 -0.557257 1.000000 1.000000 1.000000
3097.293213 0.000000 3251.909912 0.000000 0.740090 0.000000 -0.672508 1.000000 1.000000 1.000000
3116.252197 0.000000 3254.486816 0.000000 0.546367 0.000000 -0.837546 1.000000 1.000000 1.000000
3111.934082 0.000000 3245.331787 0.000000 0.043780 0.000000 -0.999041 1.000000 1.000000 1.000000
3097.151123 0.000000 3238.699951 0.000000 0.555994 0.000000 -0.831186 1.000000 1.000000 1.000000
3091.749756 0.000000 3255.684570 0.000000 0.033524 0.000000 -0.999438 1.000000 1.000000 1.000000
3109.063477 0.000000 3253.997314 0.000000 0.664498 0.000000 -0.747290 1.000000 1.000000 1.000000
3099.899902 0.000000 3254.239014 0.000000 0.205175 0.000000 -0.978725 1.000000 1.000000 1.000000
3073.591064 0.000000 3248.116455 0.000000 0.626464 0.000000 -0.779451 1.000000 1.000000 1.000000
3105.175537 0.000000 3248.799072 0.000000 0.831986 0.000000 -0.554797 1.000000 1.000000 1.000000
3082.508545 0.000000 3256.290771 0.000000 0.249799 0.000000 -0.968298 1.000000 1.000000 1.000000
3099.802002 0.000000 3243.219971 0.000000 0.167693 0.000000 -0.985839 1.000000 1.000000 1.000000
3087.289551 0.000000 3250.919434 0.000000 0.284574 0.000000 -0.958654 1.000000 1.000000 1.000000
3074.117188 0.000000 3244.685791 0.000000 0.845223 0.000000 -0.534414 1.000000 1.000000 1.000000
3073.381348 0.000000 3262.280029 0.000000 0.593525 0.000000 -0.804815 1.000000 1.000000 1.000000
3098.121094 0.000000 3257.321777 0.000000 0.632825 0.000000 -0.774295 1.000000 1.000000 1.000000
3083.196777 0.000000 3254.148438 0.000000 0.660857 0.000000 -0.750512 1.000000 1.000000 1.000000
3082.597168 0.000000 3242.893555 0.000000 0.753893 0.000000 -0.656998 1.000000 1.000000 1.000000
3114.795410 0.000000 3252.834717 0.000000 0.785678 0.000000 -0.618636 1.000000 1.000000 1.000000
3096.577148 0.000000 3247.911377 0.000000 0.298362 0.000000 -0.954453 1.000000 1.000000 1.000000
3095.913086 0.000000 3244.604248 0.000000 0.666458 0.000000 -0.745542 1.000000 1.000000 1.000000
3094.517334 0.000000 3251.676758 0.000000 0.453935 0.000000 -0.891035 1.000000 1.000000 1.000000
3077.926025 0.000000 3247.598145 0.000000 0.849008 0.000000 -0.528380 1.000000 1.000000 1.000000
3092.783936 0.000000 3245.769531 0.000000 0.295924 0.000000 -0.955211 1.000000 1.000000 1.000000
3097.715332 0.000000 3243.406738 0.000000 0.580849 0.000000 -0.814012 1.000000 1.000000 1.000000
3078.346191 0.000000 3244.038574 0.000000 0.035084 0.000000 -0.999384 1.000000 1.000000 1.000000
3100.265869 0.000000 3247.532959 0.000000 0.570705 0.000000 -0.821155 1.000000 1.000000 1.000000
3075.254395 0.000000 3257.138428 0.000000 0.051108 0.000000 -0.998693 1.000000 1.000000 1.000000
3104.162109 0.000000 3250.507324 0.000000 0.768438 0.000000 -0.639924 1.000000 1.000000 1.000000
3110.168457 0.000000 3249.729736 0.000000 0.747016 0.000000 -0.664806 1.000000 1.000000 1.000000
3100.184082 0.000000 3249.722900 0.000000 0.276603 0.000000 -0.960984 1.000000 1.000000 1.000000
3084.140137 0.000000 3257.359375 0.000000 0.164814 0.000000 -0.986325 1.000000 1.000000 1.000000
3115.982910 0.000000 3247.176758 0.000000 0.401924 0.000000 -0.915673 1.000000 1.000000 1.000000
3104.161865 0.000000 3259.303955 0.000000 0.359457 0.000000 -0.933162 1.000000 1.000000 1.000000
3074.945801 0.000000 3253.406982 0.000000 0.088357 0.000000 -0.996089 1.000000 1.000000 1.000000
3082.167969 0.000000 3252.758301 0.000000 0.431349 0.000000 -0.902185 1.000000 1.000000 1.000000
3108.097168 0.000000 3255.702393 0.000000 0.711928 0.000000 -0.702253 1.000000 1.000000 1.000000
3093.199707 0.000000 3263.557129 0.000000 0.014685 0.000000 -0.999892 1.000000 1.000000 1.000000
3094.352783 0.000000 3277.522949 0.000000 0.654103 0.000000 -0.756406 1.000000 1.000000 1.000000
3086.364746 0.000000 3274.368164 0.000000 0.864653 0.000000 -0.502369 1.000000 1.000000 1.000000
3104.320312 0.000000 3269.248291 0.000000 0.653720 0.000000 -0.756736 1.000000 1.000000 1.000000
3071.659180 0.000000 3302.004395 0.000000 0.695367 0.000000 -0.718655 1.000000 1.000000 1.000000
3095.914551 0.000000 3273.126709 0.000000 0.267176 0.000000 -0.963648 1.000000 1.000000 1.000000
3102.702393 0.000000 3274.615479 0.000000 0.780867 0.000000 -0.624697 1.000000 1.000000 1.000000
3097.083496 0.000000 3264.865723 0.000000 0.860754 0.000000 -0.509021 1.000000 1.000000 1.000000
3104.287598 0.000000 3278.606689 0.000000 0.433339 0.000000 -0.901231 1.000000 1.000000 1.000000
3077.613037 0.000000 3274.375244 0.000000 0.578868 0.000000 -0.815422 1.000000 1.000000 1.000000
3074.906006 0.000000 3269.074463 0.000000 0.339329 0.000000 -0.940668 1.000000 1.000000 1.000000
3077.113525 0.000000 3281.525391 0.000000 0.404053 0.000000 -0.914735 1.000000 1.000000 1.000000
3091.988770 0.000000 3266.833740 0.000000 0.597125 0.000000 -0.802148 1.000000 1.000000 1.000000
3079.708984 0.000000 3264.541016 0.000000 0.103598 0.000000 -0.994619 1.000000 1.000000 1.000000
3098.651367 0.000000 3267.750244 0.000000 0.811966 0.000000 -0.583705 1.000000 1.000000 1.000000
3109.799072 0.000000 3265.717041 0.000000 0.599232 0.000000 -0.800575 1.000000 1.000000 1.000000
3080.845947 0.000000 3270.103027 0.000000 0.764385 0.000000 -0.644760 1.000000 1.000000 1.000000
3079.627441 0.000000 3289.324951 0.000000 0.736133 0.000000 -0.676837 1.000000 1.000000 1.000000
3104.200684 0.000000 3265.008545 0.000000 0.487153 0.000000 -0.873317 1.000000 1.000000 1.000000
3077.680664 0.000000 3284.643555 0.000000 0.562800 0.000000 -0.826593 1.000000 1.000000 1.000000
3093.002686 0.000000 3274.828857 0.000000 0.082130 0.000000 -0.996622 1.000000 1.000000 1.000000
3080.766113 0.000000 3276.295166 0.000000 0.270732 0.000000 -0.962655 1.000000 1.000000 1.000000
3082.842529 0.000000 3285.460449 0.000000 0.633090 0.000000 -0.774078 1.000000 1.000000 1.000000
3088.666748 0.000000 3283.440430 0.000000 0.082326 0.000000 -0.996605 1.000000 1.000000 1.000000
3093.953369 0.000000 3271.126953 0.000000 0.727234 0.000000 -0.686390 1.000000 1.000000 1.000000
3077.554443 0.000000 3293.940186 0.000000 0.501641 0.000000 -0.865076 1.000000 1.000000 1.000000
3088.957031 0.000000 3273.492676 0.000000 0.386214 0.000000 -0.922409 1.000000 1.000000 1.000000
3086.173096 0.000000 3268.464600 0.000000 0.425365 0.000000 -0.905022 1.000000 1.000000 1.000000
3099.021484 0.000000 3263.323975 0.000000 0.834256 0.000000 -0.551377 1.000000 1.000000 1.000000
3073.915039 0.000000 3295.130127 0.000000 0.048016 0.000000 -0.998847 1.000000 1.000000 1.000000
3099.801270 0.000000 3280.781738 0.000000 0.056259 0.000000 -0.998416 1.000000 1.000000 1.000000
3092.830811 0.000000 3269.070557 0.000000 0.629604 0.000000 -0.776917 1.000000 1.000000 1.000000
3079.135986 0.000000 3272.675781 0.000000 0.142573 0.000000 -0.989784 1.000000 1.000000 1.000000
3092.175781 0.000000 3276.870117 0.000000 0.401210 0.000000 -0.915986 1.000000 1.000000 1.000000
3095.474365 0.000000 3263.359619 0.000000 0.502673 0.000000 -0.864477 1.000000 1.000000 1.000000
3074.190430 0.000000 3266.122070 0.000000 0.665820 0.000000 -0.746112 1.000000 1.000000 1.000000
3088.013672 0.000000 3275.731201 0.000000 0.268764 0.000000 -0.963206 1.000000 1.000000 1.000000
3090.839111 0.000000 3274.486572 0.000000 0.628120 0.000000 -0.778116 1.000000 1.000000 1.000000
3076.122070 0.000000 3272.861572 0.000000 0.177963 0.000000 -0.984037 1.000000 1.000000 1.000000
3103.990723 0.000000 3267.055908 0.000000 0.591482 0.000000 -0.806318 1.000000 1.000000 1.000000
3075.656738 0.000000 3285.017334 0.000000 0.775138 0.000000 -0.631792 1.000000 1.000000 1.000000
3098.192383 0.000000 3279.521240 0.000000 0.500919 0.000000 -0.865494 1.000000 1.000000 1.000000
3076.989502 0.000000 3269.231934 0.000000 0.434097 0.000000 -0.900866 1.000000 1.000000 1.000000
3073.854248 0.000000 3264.233154 0.000000 0.716215 0.000000 -0.697880 1.000000 1.000000 1.000000
3084.846680 0.000000 3263.297607 0.000000 0.398191 0.000000 -0.917302 1.000000 1.000000 1.000000
3090.085449 0.000000 3267.314697 0.000000 0.181227 0.000000 -0.983441 1.000000 1.000000 1.000000
3082.245605 0.000000 3283.680176 0.000000 0.697382 0.000000 -0.716700 1.000000 1.000000 1.000000
3106.008545 0.000000 3265.225586 0.000000 0.833909 0.000000 -0.551903 1.000000 1.000000 1.000000
3087.119141 0.000000 3279.772949 0.000000 0.544868 0.000000 -0.838522 1.000000 1.000000 1.000000
3084.356201 0.000000 3273.895996 0.000000 0.519069 0.000000 -0.854732 1.000000 1.000000 1.000000
3072.436523 0.000000 3264.968506 0.000000 0.798828 0.000000 -0.601560 1.000000 1.000000 1.000000
"}
