object={
	name="tree_leaf_01_single_generator_1_0"
	render_pass=Map
	clamp_to_water_level=no
	generated_content=yes
	layer="tree_high_layer"
	pdxmesh="tree_leaf_01_single_a_mesh"
	count=1028
	transform="2936.288818 0.000000 756.182251 0.000000 0.915843 0.000000 0.401536 0.699278 0.699278 0.699278
3030.606445 0.000000 671.275635 0.000000 0.485041 0.000000 -0.874491 0.703720 0.703720 0.703720
3015.889893 0.000000 683.336243 0.000000 0.650752 0.000000 -0.759290 0.710548 0.710548 0.710548
2980.988770 0.000000 736.958557 0.000000 0.627473 0.000000 -0.778638 0.712478 0.712478 0.712478
2957.068359 0.000000 760.276184 0.000000 0.979642 0.000000 0.200753 0.698587 0.698587 0.698587
2954.002686 0.000000 765.526001 0.000000 0.458423 0.000000 -0.888734 0.713390 0.713390 0.713390
2949.218506 0.000000 767.765808 0.000000 0.947890 0.000000 -0.318599 0.705100 0.705100 0.705100
2948.552246 0.000000 757.248962 0.000000 0.220908 0.000000 -0.975295 0.718847 0.718847 0.718847
2958.796631 0.000000 718.457458 0.000000 0.886404 0.000000 0.462913 0.686543 0.686543 0.686543
3049.067871 0.000000 705.899353 0.000000 0.315788 0.000000 -0.948830 0.713102 0.713102 0.713102
2950.429199 0.000000 772.499939 0.000000 0.845267 0.000000 -0.534344 0.709852 0.709852 0.709852
2981.624756 0.000000 825.237366 0.000000 0.858714 0.000000 0.512456 0.684956 0.684956 0.684956
2955.744141 0.000000 773.418823 0.000000 0.963584 0.000000 -0.267405 0.704731 0.704731 0.704731
2984.882812 0.000000 826.744873 0.000000 0.915353 0.000000 0.402653 0.684791 0.684791 0.684791
2989.284180 0.000000 884.252136 0.000000 0.040996 0.000000 0.999159 0.689306 0.689306 0.689306
2994.002686 0.000000 892.189331 0.000000 0.858290 0.000000 0.513164 0.693408 0.693408 0.693408
3006.999512 0.000000 887.866699 0.000000 0.574932 0.000000 0.818201 0.681579 0.681579 0.681579
2991.493896 0.000000 840.671143 0.000000 0.998105 0.000000 0.061533 0.697633 0.697633 0.697633
2994.860352 0.000000 835.246094 0.000000 0.500406 0.000000 -0.865791 0.720122 0.720122 0.720122
3002.825195 0.000000 887.358093 0.000000 0.203515 0.000000 -0.979072 0.745352 0.745352 0.745352
2989.164551 0.000000 836.722900 0.000000 0.390311 0.000000 0.920683 0.648891 0.648891 0.648891
2999.545654 0.000000 836.351196 0.000000 0.910812 0.000000 0.412822 0.681408 0.681408 0.681408
2991.272461 0.000000 887.333313 0.000000 0.405416 0.000000 0.914132 0.661704 0.661704 0.661704
3000.147949 0.000000 839.990173 0.000000 0.222973 0.000000 0.974825 0.645901 0.645901 0.645901
2991.349121 0.000000 893.998047 0.000000 0.184774 0.000000 0.982781 0.656434 0.656434 0.656434
2992.697510 0.000000 837.548828 0.000000 0.637452 0.000000 -0.770490 0.726132 0.726132 0.726132
3004.532471 0.000000 880.120483 0.000000 0.371675 0.000000 0.928363 0.662567 0.662567 0.662567
2991.520508 0.000000 890.422180 0.000000 0.992828 0.000000 -0.119555 0.705236 0.705236 0.705236
3002.788086 0.000000 882.523193 0.000000 0.399422 0.000000 -0.916767 0.746622 0.746622 0.746622
3004.519287 0.000000 885.258972 0.000000 0.179344 0.000000 0.983786 0.639251 0.639251 0.639251
3050.618164 0.000000 839.743530 0.000000 0.165465 0.000000 0.986216 0.692636 0.692636 0.692636
3017.308350 0.000000 842.042358 0.000000 0.558337 0.000000 -0.829614 0.703420 0.703420 0.703420
3019.005615 0.000000 869.604919 0.000000 0.649947 0.000000 0.759980 0.692457 0.692457 0.692457
3008.346924 0.000000 865.962524 0.000000 0.021148 0.000000 0.999776 0.667502 0.667502 0.667502
3008.134033 0.000000 882.913452 0.000000 0.670927 0.000000 0.741524 0.683942 0.683942 0.683942
3036.405518 0.000000 847.107666 0.000000 0.550519 0.000000 0.834823 0.691369 0.691369 0.691369
3024.225830 0.000000 835.551575 0.000000 0.994197 0.000000 -0.107571 0.700942 0.700942 0.700942
3012.885742 0.000000 869.829041 0.000000 0.675396 0.000000 -0.737455 0.713043 0.713043 0.713043
3045.060059 0.000000 837.541016 0.000000 0.464501 0.000000 0.885573 0.665784 0.665784 0.665784
3022.372559 0.000000 842.961975 0.000000 0.823536 0.000000 -0.567263 0.714758 0.714758 0.714758
3010.395508 0.000000 861.339050 0.000000 0.851858 0.000000 0.523773 0.686512 0.686512 0.686512
3015.799561 0.000000 865.980225 0.000000 0.997852 0.000000 -0.065510 0.702864 0.702864 0.702864
3023.001465 0.000000 872.456787 0.000000 0.138426 0.000000 0.990373 0.637440 0.637440 0.637440
3026.007812 0.000000 845.105042 0.000000 0.114999 0.000000 -0.993366 0.727980 0.727980 0.727980
3012.049805 0.000000 864.813965 0.000000 0.709282 0.000000 -0.704925 0.734179 0.734179 0.734179
3023.415283 0.000000 868.695312 0.000000 0.854398 0.000000 0.519620 0.680902 0.680902 0.680902
3034.961670 0.000000 843.689514 0.000000 0.986820 0.000000 0.161822 0.694319 0.694319 0.694319
3045.222412 0.000000 845.529175 0.000000 0.962095 0.000000 -0.272715 0.709171 0.709171 0.709171
3020.118896 0.000000 840.664368 0.000000 0.794587 0.000000 -0.607150 0.723945 0.723945 0.723945
3048.108887 0.000000 854.478333 0.000000 0.967722 0.000000 -0.252021 0.711131 0.711131 0.711131
3013.562256 0.000000 862.534058 0.000000 0.657452 0.000000 0.753497 0.662717 0.662717 0.662717
2513.776855 0.000000 1844.006714 0.000000 0.410969 0.000000 -0.911649 0.710025 0.710025 0.710025
2495.770264 0.000000 1822.637939 0.000000 0.037658 0.000000 0.999291 0.619622 0.619622 0.619622
2497.661377 0.000000 1840.460205 0.000000 0.976812 0.000000 -0.214100 0.720362 0.720362 0.720362
2509.264160 0.000000 1830.513794 0.000000 0.621806 0.000000 0.783171 0.633960 0.633960 0.633960
2552.335693 0.000000 1907.901001 0.000000 0.797466 0.000000 0.603364 0.694340 0.694340 0.694340
2535.623291 0.000000 1881.130615 0.000000 0.995267 0.000000 0.097177 0.696088 0.696088 0.696088
2546.871094 0.000000 1910.112427 0.000000 0.793298 0.000000 -0.608833 0.706864 0.706864 0.706864
2536.854248 0.000000 1885.701538 0.000000 0.994492 0.000000 -0.104809 0.705505 0.705505 0.705505
2541.116211 0.000000 1881.417114 0.000000 0.959122 0.000000 0.282994 0.694986 0.694986 0.694986
2543.327148 0.000000 1911.083252 0.000000 0.989937 0.000000 0.141507 0.696030 0.696030 0.696030
2538.272705 0.000000 1882.983154 0.000000 0.172445 0.000000 -0.985019 0.780593 0.780593 0.780593
2540.322510 0.000000 1910.815063 0.000000 0.100579 0.000000 -0.994929 0.766795 0.766795 0.766795
2536.171387 0.000000 1878.228394 0.000000 0.778328 0.000000 0.627858 0.671530 0.671530 0.671530
2538.602295 0.000000 1880.163818 0.000000 0.337890 0.000000 0.941186 0.637860 0.637860 0.637860
2501.273193 0.000000 1983.468872 0.000000 0.991516 0.000000 -0.129986 0.701367 0.701367 0.701367
2543.973633 0.000000 2005.458984 0.000000 0.355935 0.000000 -0.934511 0.708436 0.708436 0.708436
2507.077148 0.000000 1984.302490 0.000000 0.663267 0.000000 -0.748383 0.707389 0.707389 0.707389
2548.579590 0.000000 1990.818848 0.000000 0.824527 0.000000 0.565823 0.683183 0.683183 0.683183
2541.116211 0.000000 2009.385864 0.000000 0.105040 0.000000 -0.994468 0.723051 0.723051 0.723051
2670.870850 0.000000 1687.367432 0.000000 0.998971 0.000000 0.045364 0.696352 0.696352 0.696352
2746.941650 0.000000 1690.186768 0.000000 0.252277 0.000000 -0.967655 0.704599 0.704599 0.704599
2700.278076 0.000000 1693.227539 0.000000 0.172055 0.000000 -0.985087 0.724429 0.724429 0.724429
2728.915771 0.000000 1692.091919 0.000000 0.922175 0.000000 0.386773 0.648643 0.648643 0.648643
2632.585693 0.000000 1914.193604 0.000000 0.827585 0.000000 -0.561341 0.716665 0.716665 0.716665
2561.663574 0.000000 1962.542603 0.000000 0.699177 0.000000 0.714949 0.695824 0.695824 0.695824
2567.854736 0.000000 1948.855713 0.000000 0.967853 0.000000 -0.251518 0.703999 0.703999 0.703999
2597.035645 0.000000 1952.661621 0.000000 0.787773 0.000000 0.615966 0.694201 0.694201 0.694201
2579.326416 0.000000 1928.554810 0.000000 0.682256 0.000000 -0.731113 0.705732 0.705732 0.705732
2590.403564 0.000000 1955.339966 0.000000 0.350733 0.000000 -0.936475 0.708475 0.708475 0.708475
2563.945068 0.000000 1966.892334 0.000000 0.637122 0.000000 -0.770763 0.718455 0.718455 0.718455
2583.977051 0.000000 1929.454834 0.000000 0.457020 0.000000 0.889456 0.682759 0.682759 0.682759
2588.054688 0.000000 1991.180298 0.000000 0.234421 0.000000 -0.972135 0.706995 0.706995 0.706995
2601.229248 0.000000 1999.927734 0.000000 0.679253 0.000000 0.733904 0.692799 0.692799 0.692799
2559.789795 0.000000 2044.587280 0.000000 0.986350 0.000000 -0.164661 0.701445 0.701445 0.701445
2563.172852 0.000000 2044.817261 0.000000 0.995256 0.000000 0.097288 0.697275 0.697275 0.697275
2635.783203 0.000000 1989.121948 0.000000 0.227870 0.000000 0.973691 0.671880 0.671880 0.671880
2704.113037 0.000000 1964.889282 0.000000 0.764803 0.000000 -0.644265 0.702447 0.702447 0.702447
2699.730469 0.000000 1965.185303 0.000000 0.769227 0.000000 0.638975 0.685464 0.685464 0.685464
2900.614746 0.000000 1914.593140 0.000000 0.540525 0.000000 0.841328 0.686023 0.686023 0.686023
2910.963379 0.000000 1911.480713 0.000000 0.720877 0.000000 0.693063 0.694647 0.694647 0.694647
2913.899658 0.000000 1916.699951 0.000000 0.988960 0.000000 0.148183 0.697661 0.697661 0.697661
2905.353027 0.000000 1911.338745 0.000000 0.976069 0.000000 -0.217462 0.703831 0.703831 0.703831
2904.844727 0.000000 1915.631592 0.000000 0.784545 0.000000 0.620072 0.687143 0.687143 0.687143
2893.269775 0.000000 1915.566895 0.000000 0.887771 0.000000 0.460285 0.687462 0.687462 0.687462
2938.059326 0.000000 1933.056763 0.000000 0.983986 0.000000 -0.178247 0.700626 0.700626 0.700626
2899.287354 0.000000 1928.554810 0.000000 0.991222 0.000000 0.132211 0.698841 0.698841 0.698841
2932.532715 0.000000 1926.834473 0.000000 0.133952 0.000000 0.990988 0.664856 0.664856 0.664856
2902.376221 0.000000 1933.850952 0.000000 0.994798 0.000000 -0.101863 0.702853 0.702853 0.702853
2917.075684 0.000000 1925.275391 0.000000 0.774082 0.000000 0.633085 0.686822 0.686822 0.686822
2927.501709 0.000000 1928.405518 0.000000 0.972285 0.000000 -0.233798 0.703712 0.703712 0.703712
2898.023438 0.000000 1932.839355 0.000000 0.998329 0.000000 -0.057784 0.701617 0.701617 0.701617
2925.172363 0.000000 1924.457275 0.000000 0.679305 0.000000 0.733856 0.676960 0.676960 0.676960
2930.657471 0.000000 1929.703247 0.000000 0.552286 0.000000 0.833654 0.672439 0.672439 0.672439
2906.674805 0.000000 1924.078369 0.000000 0.599549 0.000000 -0.800338 0.725944 0.725944 0.725944
2920.317139 0.000000 1924.820679 0.000000 0.944976 0.000000 -0.327139 0.709319 0.709319 0.709319
2855.978027 0.000000 2045.456299 0.000000 0.066160 0.000000 0.997809 0.681594 0.681594 0.681594
2874.926025 0.000000 2010.108643 0.000000 0.849011 0.000000 0.528376 0.697081 0.697081 0.697081
2876.207520 0.000000 2044.236328 0.000000 0.944532 0.000000 0.328418 0.696491 0.696491 0.696491
2865.415283 0.000000 1996.997314 0.000000 0.984193 0.000000 -0.177099 0.700933 0.700933 0.700933
2861.077148 0.000000 2009.385864 0.000000 0.444354 0.000000 0.895851 0.680596 0.680596 0.680596
2874.014160 0.000000 2006.456299 0.000000 0.084699 0.000000 0.996407 0.655853 0.655853 0.655853
2867.869629 0.000000 2005.244873 0.000000 0.999174 0.000000 0.040636 0.698437 0.698437 0.698437
2878.610840 0.000000 2046.170654 0.000000 0.863063 0.000000 0.505096 0.677792 0.677792 0.677792
2865.262695 0.000000 1999.813110 0.000000 0.791887 0.000000 -0.610667 0.726404 0.726404 0.726404
2853.094727 0.000000 2038.294067 0.000000 0.180529 0.000000 0.983570 0.624736 0.624736 0.624736
2876.310547 0.000000 2006.734619 0.000000 0.540699 0.000000 -0.841216 0.799565 0.799565 0.799565
2876.555908 0.000000 2008.931885 0.000000 0.402270 0.000000 0.915521 0.592855 0.592855 0.592855
2862.847412 0.000000 2007.289307 0.000000 0.990856 0.000000 -0.134927 0.710643 0.710643 0.710643
2850.564697 0.000000 2041.145752 0.000000 0.667764 0.000000 -0.744373 0.836455 0.836455 0.836455
2864.229980 0.000000 2001.157837 0.000000 0.123152 0.000000 -0.992388 0.844172 0.844172 0.844172
2848.010010 0.000000 2045.414429 0.000000 0.981984 0.000000 -0.188963 0.724252 0.724252 0.724252
2851.452393 0.000000 2044.380981 0.000000 0.506960 0.000000 -0.861970 0.830751 0.830751 0.830751
2850.012451 0.000000 2042.936401 0.000000 0.993048 0.000000 0.117713 0.678968 0.678968 0.678968
2860.416260 0.000000 2005.297241 0.000000 0.457510 0.000000 0.889204 0.546827 0.546827 0.546827
2863.058838 0.000000 2004.181274 0.000000 0.408716 0.000000 -0.912662 0.874808 0.874808 0.874808
2862.571045 0.000000 2002.753296 0.000000 0.560540 0.000000 -0.828127 0.875638 0.875638 0.875638
2879.121582 0.000000 2009.359131 0.000000 0.782015 0.000000 0.623259 0.594164 0.594164 0.594164
2879.600098 0.000000 2006.899048 0.000000 0.841071 0.000000 0.540924 0.603116 0.603116 0.603116
2899.273926 0.000000 2021.734863 0.000000 0.053232 0.000000 -0.998582 0.710608 0.710608 0.710608
2895.231934 0.000000 2016.464478 0.000000 0.772925 0.000000 0.634497 0.693994 0.693994 0.693994
2901.713379 0.000000 2028.138428 0.000000 0.412437 0.000000 -0.910986 0.734037 0.734037 0.734037
2899.524414 0.000000 2004.994507 0.000000 0.748199 0.000000 0.663474 0.691125 0.691125 0.691125
2898.400879 0.000000 2025.874268 0.000000 0.410266 0.000000 -0.911966 0.726082 0.726082 0.726082
2888.554443 0.000000 2042.162354 0.000000 0.867305 0.000000 -0.497777 0.713658 0.713658 0.713658
2879.719971 0.000000 2002.093018 0.000000 0.079988 0.000000 0.996796 0.629661 0.629661 0.629661
2891.527588 0.000000 1995.800171 0.000000 0.825712 0.000000 -0.564092 0.720948 0.720948 0.720948
2893.691406 0.000000 2008.078491 0.000000 0.701281 0.000000 0.712885 0.670875 0.670875 0.670875
2881.598633 0.000000 2042.676270 0.000000 0.999949 0.000000 0.010080 0.698925 0.698925 0.698925
2907.958496 0.000000 2018.231567 0.000000 0.973294 0.000000 -0.229562 0.710929 0.710929 0.710929
2900.838135 0.000000 2012.916748 0.000000 0.931869 0.000000 -0.362796 0.728548 0.728548 0.728548
2900.181396 0.000000 2023.784546 0.000000 0.991516 0.000000 0.129982 0.690660 0.690660 0.690660
2903.936523 0.000000 2028.901123 0.000000 0.715982 0.000000 0.698118 0.650032 0.650032 0.650032
2883.680176 0.000000 2005.329956 0.000000 0.228906 0.000000 0.973449 0.582926 0.582926 0.582926
2887.141846 0.000000 2002.110718 0.000000 0.413310 0.000000 0.910590 0.607978 0.607978 0.607978
2883.277832 0.000000 2041.435303 0.000000 0.072906 0.000000 -0.997339 0.817791 0.817791 0.817791
2896.576660 0.000000 2008.311157 0.000000 0.967151 0.000000 0.254202 0.664066 0.664066 0.664066
2886.874268 0.000000 2042.825928 0.000000 0.355293 0.000000 -0.934755 0.816068 0.816068 0.816068
2881.470703 0.000000 2011.396484 0.000000 0.515651 0.000000 0.856799 0.599294 0.599294 0.599294
2897.555176 0.000000 2009.879639 0.000000 0.040602 0.000000 -0.999175 0.913930 0.913930 0.913930
2891.918945 0.000000 2000.616455 0.000000 0.536801 0.000000 0.843709 0.592954 0.592954 0.592954
2887.925781 0.000000 1999.205078 0.000000 0.908036 0.000000 0.418893 0.625220 0.625220 0.625220
2897.118408 0.000000 2013.851440 0.000000 0.694597 0.000000 -0.719399 0.824885 0.824885 0.824885
2880.714111 0.000000 2007.008667 0.000000 0.948699 0.000000 -0.316182 0.757907 0.757907 0.757907
2903.364990 0.000000 2025.267578 0.000000 0.111310 0.000000 -0.993786 0.929515 0.929515 0.929515
2884.091797 0.000000 2045.728149 0.000000 0.931522 0.000000 0.363686 0.633000 0.633000 0.633000
2960.233643 0.000000 1923.286011 0.000000 0.835184 0.000000 0.549971 0.694912 0.694912 0.694912
2946.921631 0.000000 1925.402710 0.000000 0.994989 0.000000 0.099986 0.697725 0.697725 0.697725
3688.989746 0.000000 1089.805542 0.000000 0.663676 0.000000 0.748020 0.692616 0.692616 0.692616
2220.950195 0.000000 2275.842773 0.000000 0.529999 0.000000 0.847998 0.689387 0.689387 0.689387
2223.908691 0.000000 2278.901855 0.000000 0.437723 0.000000 -0.899110 0.733207 0.733207 0.733207
2228.243652 0.000000 2289.998779 0.000000 0.403632 0.000000 0.914921 0.677791 0.677791 0.677791
2220.275635 0.000000 2302.218506 0.000000 0.061248 0.000000 0.998123 0.628774 0.628774 0.628774
2229.723633 0.000000 2301.519287 0.000000 0.692316 0.000000 0.721595 0.677460 0.677460 0.677460
2223.366211 0.000000 2294.989502 0.000000 0.831379 0.000000 -0.555706 0.732950 0.732950 0.732950
2218.091797 0.000000 2290.977783 0.000000 0.101547 0.000000 0.994831 0.658923 0.658923 0.658923
2225.009766 0.000000 2291.009766 0.000000 0.832714 0.000000 0.553703 0.682567 0.682567 0.682567
2223.442871 0.000000 2301.654297 0.000000 0.779226 0.000000 -0.626743 0.746166 0.746166 0.746166
2223.614258 0.000000 2298.078369 0.000000 0.863079 0.000000 -0.505068 0.739787 0.739787 0.739787
2220.361572 0.000000 2294.721191 0.000000 0.998319 0.000000 -0.057960 0.702432 0.702432 0.702432
2221.634277 0.000000 2299.959961 0.000000 0.533993 0.000000 -0.845489 0.758102 0.758102 0.758102
2288.004883 0.000000 2261.396484 0.000000 0.158397 0.000000 -0.987375 0.737007 0.737007 0.737007
2289.485596 0.000000 2252.934814 0.000000 0.873436 0.000000 -0.486938 0.702666 0.702666 0.702666
2295.098389 0.000000 2259.979492 0.000000 0.740911 0.000000 0.671603 0.669115 0.669115 0.669115
2292.178223 0.000000 2264.555664 0.000000 0.326618 0.000000 0.945156 0.652400 0.652400 0.652400
2298.030273 0.000000 2271.442139 0.000000 0.179485 0.000000 0.983761 0.682992 0.682992 0.682992
2301.740967 0.000000 2249.720947 0.000000 0.146547 0.000000 -0.989204 0.732345 0.732345 0.732345
2301.508057 0.000000 2255.919189 0.000000 0.977474 0.000000 -0.211055 0.707061 0.707061 0.707061
2297.829590 0.000000 2257.244629 0.000000 0.781117 0.000000 0.624385 0.678788 0.678788 0.678788
2298.084473 0.000000 2262.393799 0.000000 0.155796 0.000000 0.987789 0.643150 0.643150 0.643150
2295.344727 0.000000 2266.611816 0.000000 0.969337 0.000000 -0.245737 0.708244 0.708244 0.708244
2302.385742 0.000000 2263.768799 0.000000 0.572276 0.000000 -0.820061 0.721844 0.721844 0.721844
2302.912598 0.000000 2246.355957 0.000000 0.732462 0.000000 -0.680808 0.722248 0.722248 0.722248
2291.939941 0.000000 2261.182373 0.000000 0.806572 0.000000 -0.591135 0.722106 0.722106 0.722106
2302.583496 0.000000 2252.843994 0.000000 0.632265 0.000000 0.774752 0.669022 0.669022 0.669022
2294.957275 0.000000 2263.234375 0.000000 0.963908 0.000000 -0.266236 0.713657 0.713657 0.713657
2488.343506 0.000000 2099.854248 0.000000 0.073076 0.000000 0.997326 0.686914 0.686914 0.686914
2492.254395 0.000000 2108.220703 0.000000 0.716836 0.000000 -0.697242 0.702697 0.702697 0.702697
2487.357422 0.000000 2105.250488 0.000000 0.855557 0.000000 0.517709 0.692392 0.692392 0.692392
2495.062012 0.000000 2103.569824 0.000000 0.627774 0.000000 0.778396 0.689087 0.689087 0.689087
2490.887695 0.000000 2103.061279 0.000000 0.173614 0.000000 0.984814 0.653637 0.653637 0.653637
2550.748779 0.000000 2048.252197 0.000000 0.068396 0.000000 0.997658 0.684247 0.684247 0.684247
2554.106201 0.000000 2061.025391 0.000000 0.442089 0.000000 0.896971 0.686386 0.686386 0.686386
2541.338867 0.000000 2099.955322 0.000000 0.723185 0.000000 -0.690654 0.707994 0.707994 0.707994
2509.123047 0.000000 2103.947998 0.000000 0.958967 0.000000 -0.283518 0.706028 0.706028 0.706028
2506.057373 0.000000 2109.197998 0.000000 0.986304 0.000000 -0.164938 0.702027 0.702027 0.702027
2512.068115 0.000000 2109.641357 0.000000 0.934428 0.000000 0.356152 0.695545 0.695545 0.695545
2528.390625 0.000000 2053.545166 0.000000 0.344191 0.000000 0.938900 0.678690 0.678690 0.678690
2537.388672 0.000000 2103.060059 0.000000 0.270238 0.000000 0.962794 0.675064 0.675064 0.675064
2513.072021 0.000000 2104.816162 0.000000 0.537564 0.000000 0.843223 0.678961 0.678961 0.678961
2530.676025 0.000000 2051.205811 0.000000 0.306577 0.000000 0.951846 0.655989 0.655989 0.655989
2481.462158 0.000000 2124.966064 0.000000 0.664317 0.000000 0.747451 0.679345 0.679345 0.679345
2465.370850 0.000000 2152.353027 0.000000 0.989887 0.000000 0.141859 0.697264 0.697264 0.697264
2485.815918 0.000000 2127.265381 0.000000 0.954268 0.000000 -0.298953 0.707958 0.707958 0.707958
2360.359131 0.000000 2227.822998 0.000000 0.136091 0.000000 0.990696 0.684961 0.684961 0.684961
2364.270020 0.000000 2236.189453 0.000000 0.866745 0.000000 -0.498751 0.701825 0.701825 0.701825
2332.223145 0.000000 2238.442139 0.000000 0.753171 0.000000 0.657824 0.692472 0.692472 0.692472
2365.886230 0.000000 2226.554932 0.000000 0.603422 0.000000 -0.797422 0.714517 0.714517 0.714517
2367.077637 0.000000 2231.538574 0.000000 0.902446 0.000000 -0.430802 0.710897 0.710897 0.710897
2362.273438 0.000000 2233.896973 0.000000 0.997578 0.000000 0.069553 0.697445 0.697445 0.697445
2326.692383 0.000000 2270.885010 0.000000 0.752222 0.000000 0.658910 0.693714 0.693714 0.693714
2303.949463 0.000000 2264.331787 0.000000 0.112482 0.000000 -0.993654 0.728029 0.728029 0.728029
2353.477783 0.000000 2252.934814 0.000000 0.993869 0.000000 -0.110563 0.700581 0.700581 0.700581
2334.652588 0.000000 2267.712402 0.000000 0.264508 0.000000 -0.964383 0.720496 0.720496 0.720496
2326.446533 0.000000 2253.772949 0.000000 0.489906 0.000000 0.871775 0.688898 0.688898 0.688898
2310.507324 0.000000 2244.140625 0.000000 0.905905 0.000000 0.423480 0.677074 0.677074 0.677074
2315.822266 0.000000 2245.059326 0.000000 0.950062 0.000000 0.312060 0.685025 0.685025 0.685025
2331.287598 0.000000 2271.703369 0.000000 0.986832 0.000000 0.161751 0.693186 0.693186 0.693186
2328.008301 0.000000 2249.376709 0.000000 0.254654 0.000000 -0.967032 0.766558 0.766558 0.766558
2354.772949 0.000000 2258.182617 0.000000 0.570121 0.000000 0.821561 0.671356 0.671356 0.671356
2306.999756 0.000000 2245.324463 0.000000 0.993590 0.000000 0.113045 0.695248 0.695248 0.695248
2303.839844 0.000000 2251.940674 0.000000 0.616878 0.000000 0.787059 0.668333 0.668333 0.668333
2342.593018 0.000000 2248.313477 0.000000 0.580992 0.000000 -0.813909 0.774776 0.774776 0.774776
2303.743652 0.000000 2246.136963 0.000000 0.627970 0.000000 0.778238 0.673504 0.673504 0.673504
2309.606689 0.000000 2247.348389 0.000000 0.629054 0.000000 0.777362 0.643978 0.643978 0.643978
2338.916992 0.000000 2247.339355 0.000000 0.179997 0.000000 -0.983667 0.862731 0.862731 0.862731
2333.863281 0.000000 2244.107178 0.000000 0.880987 0.000000 -0.473140 0.755984 0.755984 0.755984
2335.220459 0.000000 2248.045166 0.000000 0.381428 0.000000 0.924399 0.543349 0.543349 0.543349
2337.602051 0.000000 2257.487793 0.000000 0.435284 0.000000 -0.900293 0.756784 0.756784 0.756784
2329.314453 0.000000 2246.767090 0.000000 0.515606 0.000000 -0.856826 0.757549 0.757549 0.757549
2307.952393 0.000000 2255.347168 0.000000 0.622633 0.000000 0.782514 0.656025 0.656025 0.656025
2352.106689 0.000000 2258.770752 0.000000 0.931435 0.000000 -0.363909 0.716273 0.716273 0.716273
2345.981689 0.000000 2253.172852 0.000000 0.880963 0.000000 -0.473185 0.722396 0.722396 0.722396
2330.281982 0.000000 2249.064209 0.000000 0.923512 0.000000 0.383570 0.665602 0.665602 0.665602
2311.229736 0.000000 2248.925781 0.000000 0.297822 0.000000 0.954621 0.604686 0.604686 0.604686
2309.193115 0.000000 2252.739258 0.000000 0.003213 0.000000 -0.999995 0.812319 0.812319 0.812319
2340.457275 0.000000 2248.803711 0.000000 0.997639 0.000000 -0.068673 0.707086 0.707086 0.707086
2308.215820 0.000000 2249.111572 0.000000 0.874468 0.000000 -0.485084 0.738058 0.738058 0.738058
2334.175293 0.000000 2246.154785 0.000000 0.844984 0.000000 0.534792 0.622099 0.622099 0.622099
2336.084473 0.000000 2243.305908 0.000000 0.778821 0.000000 -0.627246 0.754505 0.754505 0.754505
2317.577881 0.000000 2252.484863 0.000000 0.368601 0.000000 -0.929588 0.785501 0.785501 0.785501
2332.500000 0.000000 2252.707275 0.000000 0.204499 0.000000 0.978867 0.599822 0.599822 0.599822
2311.709961 0.000000 2250.899170 0.000000 0.976483 0.000000 -0.215597 0.717089 0.717089 0.717089
2332.330811 0.000000 2245.245850 0.000000 0.905963 0.000000 -0.423357 0.749657 0.749657 0.749657
2336.885742 0.000000 2247.268555 0.000000 0.397593 0.000000 -0.917562 0.856350 0.856350 0.856350
2341.283203 0.000000 2247.099121 0.000000 0.267755 0.000000 0.963487 0.575073 0.575073 0.575073
2333.568359 0.000000 2247.852539 0.000000 0.121342 0.000000 0.992611 0.517659 0.517659 0.517659
2337.423828 0.000000 2244.172852 0.000000 0.251642 0.000000 0.967820 0.552765 0.552765 0.552765
2334.234619 0.000000 2249.310059 0.000000 0.650395 0.000000 0.759596 0.585420 0.585420 0.585420
2337.912598 0.000000 2246.076660 0.000000 0.989173 0.000000 0.146752 0.680181 0.680181 0.680181
2338.788330 0.000000 2249.098389 0.000000 0.783764 0.000000 -0.621059 0.784315 0.784315 0.784315
2335.775635 0.000000 2249.551758 0.000000 0.893017 0.000000 0.450023 0.638003 0.638003 0.638003
2170.153076 0.000000 2380.947266 0.000000 0.132648 0.000000 0.991163 0.689950 0.689950 0.689950
2173.523682 0.000000 2383.887939 0.000000 0.482102 0.000000 -0.876115 0.718660 0.718660 0.718660
2205.304443 0.000000 2327.070801 0.000000 0.047034 0.000000 0.998893 0.673371 0.673371 0.673371
2205.360352 0.000000 2322.851562 0.000000 0.985056 0.000000 -0.172236 0.707563 0.707563 0.707563
2221.258301 0.000000 2308.363525 0.000000 0.954429 0.000000 0.298439 0.680404 0.680404 0.680404
2220.050537 0.000000 2303.590332 0.000000 0.783058 0.000000 0.621949 0.668328 0.668328 0.668328
2216.403076 0.000000 2308.726807 0.000000 0.490947 0.000000 0.871189 0.648248 0.648248 0.648248
2224.791260 0.000000 2309.189453 0.000000 0.879070 0.000000 0.476692 0.681765 0.681765 0.681765
2194.571777 0.000000 2328.328369 0.000000 0.059633 0.000000 -0.998220 0.755457 0.755457 0.755457
2197.979736 0.000000 2326.639160 0.000000 0.387099 0.000000 -0.922038 0.751262 0.751262 0.751262
2220.870117 0.000000 2313.299072 0.000000 0.962077 0.000000 -0.272777 0.711588 0.711588 0.711588
2219.677246 0.000000 2306.147705 0.000000 0.369955 0.000000 0.929050 0.635432 0.635432 0.635432
2221.339111 0.000000 2310.858154 0.000000 0.587147 0.000000 0.809481 0.642305 0.642305 0.642305
2218.926270 0.000000 2308.347412 0.000000 0.344254 0.000000 0.938877 0.621156 0.621156 0.621156
2198.708008 0.000000 2398.853760 0.000000 0.786966 0.000000 -0.616996 0.704648 0.704648 0.704648
2183.901611 0.000000 2396.746338 0.000000 0.805022 0.000000 0.593245 0.697780 0.697780 0.697780
2211.257324 0.000000 2378.566650 0.000000 0.659001 0.000000 0.752142 0.692561 0.692561 0.692561
2182.522949 0.000000 2372.109375 0.000000 0.230590 0.000000 -0.973051 0.714031 0.714031 0.714031
2181.095703 0.000000 2391.748291 0.000000 0.194875 0.000000 -0.980828 0.736035 0.736035 0.736035
2218.941895 0.000000 2389.201660 0.000000 0.797115 0.000000 -0.603828 0.707931 0.707931 0.707931
2194.109375 0.000000 2380.729980 0.000000 0.959239 0.000000 0.282597 0.694993 0.694993 0.694993
2181.722412 0.000000 2378.593994 0.000000 0.979330 0.000000 0.202267 0.692169 0.692169 0.692169
2175.855469 0.000000 2379.909424 0.000000 0.927921 0.000000 -0.372778 0.708678 0.708678 0.708678
2190.890381 0.000000 2382.051270 0.000000 0.988733 0.000000 0.149689 0.695274 0.695274 0.695274
2209.742920 0.000000 2396.588867 0.000000 0.545581 0.000000 0.838058 0.670478 0.670478 0.670478
2181.790039 0.000000 2388.862305 0.000000 0.361014 0.000000 -0.932560 0.739893 0.739893 0.739893
2197.979736 0.000000 2390.623535 0.000000 0.716039 0.000000 0.698061 0.670293 0.670293 0.670293
2184.875488 0.000000 2380.513916 0.000000 0.744577 0.000000 0.667537 0.671899 0.671899 0.671899
2192.776123 0.000000 2387.659180 0.000000 0.665849 0.000000 -0.746086 0.732379 0.732379 0.732379
2187.131104 0.000000 2386.217285 0.000000 0.338084 0.000000 -0.941116 0.749275 0.749275 0.749275
2210.947021 0.000000 2390.437744 0.000000 0.655650 0.000000 -0.755065 0.752342 0.752342 0.752342
2203.910645 0.000000 2385.000488 0.000000 0.789841 0.000000 -0.613311 0.740384 0.740384 0.740384
2206.588379 0.000000 2392.979248 0.000000 0.971261 0.000000 0.238015 0.684461 0.684461 0.684461
2201.454346 0.000000 2387.660889 0.000000 0.274728 0.000000 0.961522 0.611909 0.611909 0.611909
2299.391113 0.000000 2373.799316 0.000000 0.469836 0.000000 0.882754 0.624386 0.624386 0.624386
2292.610840 0.000000 2374.725098 0.000000 0.270348 0.000000 0.962763 0.675066 0.675066 0.675066
2247.729004 0.000000 2393.543701 0.000000 0.111823 0.000000 0.993728 0.641367 0.641367 0.641367
2299.116211 0.000000 2383.160400 0.000000 0.445490 0.000000 0.895287 0.639916 0.639916 0.639916
2300.747314 0.000000 2381.951660 0.000000 0.840422 0.000000 0.541933 0.639946 0.639946 0.639946
2298.171875 0.000000 2375.420410 0.000000 0.554699 0.000000 0.832051 0.567751 0.567751 0.567751
2301.073242 0.000000 2374.445557 0.000000 0.954834 0.000000 -0.297140 0.745342 0.745342 0.745342
2297.391602 0.000000 2376.922363 0.000000 0.416878 0.000000 0.908962 0.542504 0.542504 0.542504
2303.145264 0.000000 2378.817383 0.000000 0.863321 0.000000 -0.504655 0.773031 0.773031 0.773031
2298.754883 0.000000 2379.553955 0.000000 0.118509 0.000000 -0.992953 0.951213 0.951213 0.951213
2303.075928 0.000000 2377.082031 0.000000 0.359596 0.000000 0.933108 0.504488 0.504488 0.504488
2298.795898 0.000000 2376.657715 0.000000 0.387031 0.000000 -0.922067 0.921464 0.921464 0.921464
2300.996826 0.000000 2531.542480 0.000000 0.670909 0.000000 -0.741540 0.713139 0.713139 0.713139
2303.626709 0.000000 2531.748779 0.000000 0.582475 0.000000 -0.812849 0.751414 0.751414 0.751414
2408.032715 0.000000 2365.378174 0.000000 0.141495 0.000000 0.989939 0.697503 0.697503 0.697503
2418.072998 0.000000 2363.830078 0.000000 0.798699 0.000000 -0.601731 0.737236 0.737236 0.737236
2418.886719 0.000000 2358.002930 0.000000 0.148602 0.000000 0.988897 0.687578 0.687578 0.687578
2387.484863 0.000000 2351.775391 0.000000 0.918013 0.000000 0.396550 0.680048 0.680048 0.680048
2412.252197 0.000000 2366.202881 0.000000 0.638202 0.000000 -0.769869 0.735316 0.735316 0.735316
2390.720215 0.000000 2343.976807 0.000000 0.841831 0.000000 0.539741 0.688044 0.688044 0.688044
2421.700195 0.000000 2365.503662 0.000000 0.188044 0.000000 0.982161 0.642052 0.642052 0.642052
2418.564209 0.000000 2367.412598 0.000000 0.954786 0.000000 -0.297294 0.719518 0.719518 0.719518
2392.096191 0.000000 2346.446777 0.000000 0.917934 0.000000 -0.396734 0.718536 0.718536 0.718536
2386.945068 0.000000 2349.001953 0.000000 0.804003 0.000000 0.594625 0.658824 0.658824 0.658824
2388.895020 0.000000 2345.793701 0.000000 0.006162 0.000000 0.999981 0.617970 0.617970 0.617970
2419.516357 0.000000 2365.470703 0.000000 0.973687 0.000000 0.227889 0.683929 0.683929 0.683929
2388.869873 0.000000 2349.988281 0.000000 0.174312 0.000000 0.984691 0.575616 0.575616 0.575616
2417.327148 0.000000 2365.798828 0.000000 0.762950 0.000000 -0.646458 0.768792 0.768792 0.768792
2305.221191 0.000000 2383.278320 0.000000 0.088665 0.000000 -0.996062 0.710360 0.710360 0.710360
2309.706787 0.000000 2378.593994 0.000000 0.864299 0.000000 0.502978 0.688026 0.688026 0.688026
2305.086914 0.000000 2372.506836 0.000000 0.367942 0.000000 0.929849 0.616535 0.616535 0.616535
2422.764404 0.000000 2368.174072 0.000000 0.636048 0.000000 0.771649 0.693839 0.693839 0.693839
2401.500244 0.000000 2388.333740 0.000000 0.607078 0.000000 -0.794642 0.716050 0.716050 0.716050
2405.059082 0.000000 2400.552246 0.000000 0.535832 0.000000 0.844325 0.696486 0.696486 0.696486
2428.262207 0.000000 2428.142578 0.000000 0.863689 0.000000 -0.504025 0.702770 0.702770 0.702770
2417.469971 0.000000 2380.903564 0.000000 0.937498 0.000000 -0.347991 0.706211 0.706211 0.706211
2403.233887 0.000000 2378.566650 0.000000 0.841936 0.000000 0.539577 0.663148 0.663148 0.663148
2396.483643 0.000000 2382.732666 0.000000 0.190781 0.000000 -0.981633 0.743373 0.743373 0.743373
2404.000000 0.000000 2383.971924 0.000000 0.889944 0.000000 0.456070 0.685103 0.685103 0.685103
2397.281006 0.000000 2391.055176 0.000000 0.679981 0.000000 -0.733230 0.712945 0.712945 0.712945
2398.788330 0.000000 2378.834229 0.000000 0.956798 0.000000 0.290755 0.680924 0.680924 0.680924
2418.930664 0.000000 2370.871094 0.000000 0.290953 0.000000 -0.956737 0.755729 0.755729 0.755729
2404.998047 0.000000 2396.461670 0.000000 0.302194 0.000000 -0.953246 0.753006 0.753006 0.753006
2424.218262 0.000000 2375.615234 0.000000 0.020120 0.000000 -0.999798 0.743359 0.743359 0.743359
2412.027100 0.000000 2367.574707 0.000000 0.593411 0.000000 -0.804900 0.737602 0.737602 0.737602
2416.767822 0.000000 2373.173828 0.000000 0.815470 0.000000 -0.578800 0.724810 0.724810 0.724810
2419.651855 0.000000 2367.858643 0.000000 0.009283 0.000000 -0.999957 0.800968 0.800968 0.800968
2400.302734 0.000000 2391.302490 0.000000 0.022674 0.000000 -0.999743 0.773048 0.773048 0.773048
2399.212646 0.000000 2376.013916 0.000000 0.965948 0.000000 -0.258735 0.711434 0.711434 0.711434
2402.528809 0.000000 2381.419189 0.000000 0.772071 0.000000 0.635536 0.651857 0.651857 0.651857
2398.422607 0.000000 2381.243164 0.000000 0.996512 0.000000 0.083446 0.694160 0.694160 0.694160
2400.507080 0.000000 2394.096436 0.000000 0.163265 0.000000 0.986582 0.569700 0.569700 0.569700
2401.269043 0.000000 2377.232178 0.000000 0.445360 0.000000 0.895351 0.641846 0.641846 0.641846
2401.015625 0.000000 2379.500977 0.000000 0.906336 0.000000 0.422559 0.664167 0.664167 0.664167
2451.328613 0.000000 2405.641113 0.000000 0.937761 0.000000 -0.347281 0.707438 0.707438 0.707438
2453.768066 0.000000 2412.044678 0.000000 0.411497 0.000000 0.911411 0.661925 0.661925 0.661925
2437.281006 0.000000 2431.359619 0.000000 0.781882 0.000000 -0.623427 0.709411 0.709411 0.709411
2435.960693 0.000000 2414.782959 0.000000 0.232420 0.000000 0.972615 0.678983 0.678983 0.678983
2440.140869 0.000000 2407.347412 0.000000 0.263958 0.000000 -0.964534 0.731896 0.731896 0.731896
2437.112061 0.000000 2417.715088 0.000000 0.964875 0.000000 0.262711 0.690709 0.690709 0.690709
2436.387695 0.000000 2411.942871 0.000000 0.668922 0.000000 0.743332 0.656064 0.656064 0.656064
2448.964600 0.000000 2406.391113 0.000000 0.310805 0.000000 0.950474 0.634216 0.634216 0.634216
2448.141113 0.000000 2410.329102 0.000000 0.223264 0.000000 0.974758 0.568310 0.568310 0.568310
2443.729248 0.000000 2417.988281 0.000000 0.774010 0.000000 0.633173 0.640089 0.640089 0.640089
2438.004150 0.000000 2415.801270 0.000000 0.298258 0.000000 -0.954485 0.837380 0.837380 0.837380
2441.200928 0.000000 2409.164795 0.000000 0.261512 0.000000 0.965200 0.597278 0.597278 0.597278
2445.165283 0.000000 2408.489258 0.000000 0.890221 0.000000 -0.455528 0.739674 0.739674 0.739674
2449.670410 0.000000 2411.551514 0.000000 0.539891 0.000000 0.841735 0.602087 0.602087 0.602087
2438.087402 0.000000 2410.460205 0.000000 0.775297 0.000000 -0.631597 0.769291 0.769291 0.769291
2444.388428 0.000000 2415.106445 0.000000 0.157964 0.000000 0.987445 0.551927 0.551927 0.551927
2446.497314 0.000000 2412.380371 0.000000 0.242744 0.000000 0.970090 0.565637 0.565637 0.565637
2442.456543 0.000000 2414.283691 0.000000 0.591091 0.000000 0.806605 0.570447 0.570447 0.570447
2444.152344 0.000000 2410.440674 0.000000 0.654961 0.000000 0.755663 0.590712 0.590712 0.590712
2444.852051 0.000000 2412.045898 0.000000 0.177842 0.000000 0.984059 0.507821 0.507821 0.507821
2440.625244 0.000000 2413.964111 0.000000 0.461842 0.000000 0.886962 0.501762 0.501762 0.501762
2317.146484 0.000000 2487.854248 0.000000 0.825618 0.000000 -0.564229 0.713620 0.713620 0.713620
2312.979736 0.000000 2486.232910 0.000000 0.026100 0.000000 0.999659 0.616316 0.616316 0.616316
2428.168701 0.000000 2475.215820 0.000000 0.895192 0.000000 -0.445680 0.707265 0.707265 0.707265
2417.139893 0.000000 2475.911865 0.000000 0.992558 0.000000 -0.121773 0.703627 0.703627 0.703627
2421.345703 0.000000 2470.658936 0.000000 0.797933 0.000000 0.602746 0.667213 0.667213 0.667213
2402.923584 0.000000 2454.422119 0.000000 0.986493 0.000000 0.163803 0.686485 0.686485 0.686485
2420.954834 0.000000 2475.259521 0.000000 0.741531 0.000000 0.670919 0.651160 0.651160 0.651160
2404.459961 0.000000 2453.054688 0.000000 0.374602 0.000000 -0.927186 0.861778 0.861778 0.861778
2403.102539 0.000000 2452.189453 0.000000 0.297647 0.000000 -0.954676 0.864053 0.864053 0.864053
2315.100586 0.000000 2496.177490 0.000000 0.999687 0.000000 0.025024 0.699388 0.699388 0.699388
2308.971680 0.000000 2533.422852 0.000000 0.093020 0.000000 0.995664 0.669012 0.669012 0.669012
2314.080811 0.000000 2557.088623 0.000000 0.284094 0.000000 -0.958796 0.720175 0.720175 0.720175
2317.702637 0.000000 2545.050049 0.000000 0.867861 0.000000 0.496807 0.689097 0.689097 0.689097
2350.291748 0.000000 2512.721436 0.000000 0.999876 0.000000 0.015744 0.699725 0.699725 0.699725
2312.979736 0.000000 2550.217285 0.000000 0.998524 0.000000 -0.054315 0.701804 0.701804 0.701804
2316.227295 0.000000 2548.280029 0.000000 0.672888 0.000000 -0.739745 0.749477 0.749477 0.749477
2319.177734 0.000000 2549.509277 0.000000 0.937491 0.000000 0.348009 0.685713 0.685713 0.685713
2306.527100 0.000000 2535.332764 0.000000 0.581585 0.000000 -0.813486 0.766417 0.766417 0.766417
2315.597900 0.000000 2507.675049 0.000000 0.904261 0.000000 0.426981 0.683039 0.683039 0.683039
2352.106689 0.000000 2514.708252 0.000000 0.370723 0.000000 0.928743 0.637558 0.637558 0.637558
2349.076904 0.000000 2518.660645 0.000000 0.783058 0.000000 0.621949 0.656598 0.656598 0.656598
2306.210938 0.000000 2540.857666 0.000000 0.998023 0.000000 0.062856 0.696702 0.696702 0.696702
2353.906982 0.000000 2516.220215 0.000000 0.999246 0.000000 0.038814 0.696608 0.696608 0.696608
2318.923584 0.000000 2553.073242 0.000000 0.655725 0.000000 -0.754999 0.768785 0.768785 0.768785
2310.019775 0.000000 2543.770020 0.000000 0.255926 0.000000 -0.966696 0.819226 0.819226 0.819226
2319.250488 0.000000 2559.364746 0.000000 0.905814 0.000000 0.423676 0.658713 0.658713 0.658713
2305.449219 0.000000 2533.696289 0.000000 0.968081 0.000000 -0.250637 0.725236 0.725236 0.725236
2398.427002 0.000000 2531.199463 0.000000 0.799334 0.000000 -0.600887 0.720277 0.720277 0.720277
2386.463379 0.000000 2537.749268 0.000000 0.899184 0.000000 0.437570 0.688128 0.688128 0.688128
2397.806641 0.000000 2534.963135 0.000000 0.882170 0.000000 -0.470931 0.731706 0.731706 0.731706
2389.929443 0.000000 2531.658691 0.000000 0.659372 0.000000 -0.751817 0.738658 0.738658 0.738658
2400.656006 0.000000 2533.308350 0.000000 0.966980 0.000000 -0.254851 0.717563 0.717563 0.717563
2396.005127 0.000000 2532.721924 0.000000 0.558711 0.000000 -0.829362 0.756399 0.756399 0.756399
2393.237061 0.000000 2534.871826 0.000000 0.885829 0.000000 0.464012 0.674703 0.674703 0.674703
2391.099365 0.000000 2533.685059 0.000000 0.150132 0.000000 -0.988666 0.831532 0.831532 0.831532
2395.476318 0.000000 2534.852783 0.000000 0.378136 0.000000 0.925750 0.606966 0.606966 0.606966
2399.689209 0.000000 2535.297119 0.000000 0.313825 0.000000 -0.949481 0.798426 0.798426 0.798426
2465.954346 0.000000 2492.559326 0.000000 0.880400 0.000000 -0.474231 0.724177 0.724177 0.724177
2469.687256 0.000000 2488.831055 0.000000 0.067202 0.000000 -0.997739 0.718393 0.718393 0.718393
2466.610840 0.000000 2487.103027 0.000000 0.023870 0.000000 -0.999715 0.791915 0.791915 0.791915
2462.563721 0.000000 2492.375977 0.000000 0.975862 0.000000 0.218388 0.682686 0.682686 0.682686
2463.222412 0.000000 2484.370850 0.000000 0.222087 0.000000 0.975027 0.638803 0.638803 0.638803
2465.193359 0.000000 2485.375000 0.000000 0.986278 0.000000 -0.165093 0.711304 0.711304 0.711304
2462.486084 0.000000 2489.459717 0.000000 0.886982 0.000000 0.461804 0.664767 0.664767 0.664767
2433.932373 0.000000 2432.436279 0.000000 0.975227 0.000000 0.221205 0.679341 0.679341 0.679341
2467.199219 0.000000 2495.953125 0.000000 0.969066 0.000000 0.246803 0.698693 0.698693 0.698693
2459.099609 0.000000 2495.511475 0.000000 0.869303 0.000000 0.494279 0.664763 0.664763 0.664763
2600.009277 0.000000 2109.440674 0.000000 0.332162 0.000000 0.943222 0.697847 0.697847 0.697847
2610.863281 0.000000 2102.065430 0.000000 0.894597 0.000000 -0.446874 0.704858 0.704858 0.704858
2612.054932 0.000000 2105.315674 0.000000 0.995957 0.000000 0.089827 0.696856 0.696856 0.696856
2604.321289 0.000000 2124.142822 0.000000 0.258698 0.000000 -0.965958 0.736605 0.736605 0.736605
2631.846924 0.000000 2140.808838 0.000000 0.296184 0.000000 0.955131 0.693341 0.693341 0.693341
2634.851562 0.000000 2136.555420 0.000000 0.662563 0.000000 0.749006 0.689644 0.689644 0.689644
2738.847656 0.000000 2230.034180 0.000000 0.771987 0.000000 0.635639 0.691573 0.691573 0.691573
2761.339600 0.000000 2185.714111 0.000000 0.486798 0.000000 0.873514 0.655442 0.655442 0.655442
2771.302979 0.000000 2184.492432 0.000000 0.979191 0.000000 0.202940 0.697500 0.697500 0.697500
2758.452637 0.000000 2180.156250 0.000000 0.253123 0.000000 0.967434 0.686213 0.686213 0.686213
2772.027832 0.000000 2179.099365 0.000000 0.856870 0.000000 0.515532 0.686748 0.686748 0.686748
2759.247070 0.000000 2222.117188 0.000000 0.989446 0.000000 0.144900 0.695680 0.695680 0.695680
2772.869873 0.000000 2181.336182 0.000000 0.678410 0.000000 0.734684 0.645200 0.645200 0.645200
2760.908203 0.000000 2223.271484 0.000000 0.809748 0.000000 -0.586778 0.748218 0.748218 0.748218
2829.640137 0.000000 2097.159424 0.000000 0.916326 0.000000 0.400434 0.685600 0.685600 0.685600
2861.180176 0.000000 2052.426025 0.000000 0.594106 0.000000 -0.804387 0.719600 0.719600 0.719600
2866.665283 0.000000 2057.671875 0.000000 0.093345 0.000000 0.995634 0.648365 0.648365 0.648365
2826.802246 0.000000 2096.000000 0.000000 0.086963 0.000000 -0.996212 0.764823 0.764823 0.764823
2865.804688 0.000000 2055.429443 0.000000 0.618534 0.000000 -0.785758 0.785303 0.785303 0.785303
2865.344482 0.000000 2048.159424 0.000000 0.461189 0.000000 0.887302 0.596999 0.596999 0.596999
2866.875488 0.000000 2053.245850 0.000000 0.916882 0.000000 0.399158 0.626092 0.626092 0.626092
2868.063721 0.000000 2052.039307 0.000000 0.547925 0.000000 -0.836527 0.838536 0.838536 0.838536
2865.507080 0.000000 2051.854004 0.000000 0.622754 0.000000 0.782418 0.563386 0.563386 0.563386
2880.021240 0.000000 2050.793213 0.000000 0.556636 0.000000 0.830756 0.693146 0.693146 0.693146
2887.732422 0.000000 2048.837891 0.000000 0.170531 0.000000 -0.985352 0.748912 0.748912 0.748912
2882.964355 0.000000 2047.579590 0.000000 0.950454 0.000000 -0.310866 0.746403 0.746403 0.746403
2858.641602 0.000000 2119.430908 0.000000 0.099870 0.000000 0.995001 0.661446 0.661446 0.661446
2857.197998 0.000000 2127.896484 0.000000 0.688490 0.000000 0.725246 0.695746 0.695746 0.695746
2863.509521 0.000000 2120.358643 0.000000 0.216733 0.000000 -0.976231 0.733086 0.733086 0.733086
2860.791992 0.000000 2121.345947 0.000000 0.983908 0.000000 -0.178676 0.707221 0.707221 0.707221
2858.250732 0.000000 2122.143311 0.000000 0.130185 0.000000 -0.991490 0.762923 0.762923 0.762923
2915.171387 0.000000 2122.629150 0.000000 0.523262 0.000000 0.852172 0.689303 0.689303 0.689303
2908.421143 0.000000 2126.795166 0.000000 0.590975 0.000000 -0.806690 0.722962 0.722962 0.722962
2904.933838 0.000000 2129.436768 0.000000 0.730009 0.000000 -0.683438 0.715780 0.715780 0.715780
2925.172363 0.000000 2116.410400 0.000000 0.925111 0.000000 0.379698 0.682984 0.682984 0.682984
2906.977295 0.000000 2123.376953 0.000000 0.953679 0.000000 0.300827 0.689854 0.689854 0.689854
2920.317139 0.000000 2116.773682 0.000000 0.392300 0.000000 0.919837 0.667351 0.667351 0.667351
2914.846680 0.000000 2119.370605 0.000000 0.551509 0.000000 -0.834169 0.743105 0.743105 0.743105
2905.452393 0.000000 2126.018066 0.000000 0.978873 0.000000 -0.204471 0.707917 0.707917 0.707917
2817.158691 0.000000 2191.325195 0.000000 0.996323 0.000000 0.085681 0.699700 0.699700 0.699700
2818.001221 0.000000 2196.047119 0.000000 0.936577 0.000000 -0.350463 0.705006 0.705006 0.705006
2821.544189 0.000000 2183.364014 0.000000 0.252542 0.000000 -0.967586 0.741381 0.741381 0.741381
2818.429199 0.000000 2193.606445 0.000000 0.065386 0.000000 0.997860 0.610555 0.610555 0.610555
2857.197998 0.000000 2255.865234 0.000000 0.395727 0.000000 0.918368 0.691864 0.691864 0.691864
2834.031250 0.000000 2252.761230 0.000000 0.909782 0.000000 0.415086 0.692520 0.692520 0.692520
2837.901611 0.000000 2262.654785 0.000000 0.494945 0.000000 -0.868924 0.740485 0.740485 0.740485
2832.697998 0.000000 2259.690430 0.000000 0.734692 0.000000 -0.678401 0.746907 0.746907 0.746907
2834.854736 0.000000 2255.206299 0.000000 0.509500 0.000000 -0.860471 0.785109 0.785109 0.785109
2846.367920 0.000000 2253.274414 0.000000 0.572487 0.000000 0.819914 0.616006 0.616006 0.616006
2838.779053 0.000000 2256.241699 0.000000 0.796543 0.000000 0.604582 0.600155 0.600155 0.600155
2849.214355 0.000000 2249.263428 0.000000 0.969034 0.000000 0.246928 0.685175 0.685175 0.685175
2855.629883 0.000000 2253.939209 0.000000 0.230982 0.000000 -0.972958 0.781822 0.781822 0.781822
2853.650391 0.000000 2250.590088 0.000000 0.544835 0.000000 0.838543 0.592234 0.592234 0.592234
2848.960938 0.000000 2251.532227 0.000000 0.999438 0.000000 -0.033514 0.704218 0.704218 0.704218
2834.776123 0.000000 2258.800537 0.000000 0.167923 0.000000 -0.985800 0.893569 0.893569 0.893569
2836.894287 0.000000 2255.161865 0.000000 0.591290 0.000000 -0.806459 0.803287 0.803287 0.803287
2837.345947 0.000000 2260.960938 0.000000 0.184535 0.000000 0.982826 0.540231 0.540231 0.540231
2838.053955 0.000000 2257.874756 0.000000 0.777492 0.000000 0.628893 0.595405 0.595405 0.595405
2851.731445 0.000000 2252.273682 0.000000 0.620228 0.000000 -0.784421 0.862318 0.862318 0.862318
2848.157227 0.000000 2253.104248 0.000000 0.141500 0.000000 -0.989938 0.924728 0.924728 0.924728
2839.081787 0.000000 2261.149414 0.000000 0.207399 0.000000 0.978257 0.564340 0.564340 0.564340
2834.597900 0.000000 2256.838379 0.000000 0.910787 0.000000 0.412877 0.642728 0.642728 0.642728
2851.982422 0.000000 2254.355469 0.000000 0.701049 0.000000 0.713113 0.582066 0.582066 0.582066
2837.469971 0.000000 2256.461670 0.000000 0.910065 0.000000 0.414467 0.623822 0.623822 0.623822
2294.780029 0.000000 2560.127197 0.000000 0.774866 0.000000 -0.632126 0.702392 0.702392 0.702392
2298.996338 0.000000 2585.968018 0.000000 0.683375 0.000000 0.730067 0.695709 0.695709 0.695709
2266.696289 0.000000 2601.180420 0.000000 0.157626 0.000000 -0.987499 0.707405 0.707405 0.707405
2273.735107 0.000000 2588.541992 0.000000 0.846412 0.000000 -0.532529 0.719628 0.719628 0.719628
2275.266846 0.000000 2590.618652 0.000000 0.650113 0.000000 0.759838 0.586879 0.586879 0.586879
2279.259277 0.000000 2592.676514 0.000000 0.490304 0.000000 0.871551 0.618619 0.618619 0.618619
2274.645752 0.000000 2592.545898 0.000000 0.472891 0.000000 0.881121 0.534182 0.534182 0.534182
2270.764893 0.000000 2597.096191 0.000000 0.481515 0.000000 -0.876438 0.847504 0.847504 0.847504
2272.293213 0.000000 2595.491455 0.000000 0.989183 0.000000 0.146684 0.678389 0.678389 0.678389
2275.752930 0.000000 2593.987305 0.000000 0.931652 0.000000 0.363351 0.642812 0.642812 0.642812
2281.429688 0.000000 2585.301514 0.000000 0.580176 0.000000 0.814491 0.578569 0.578569 0.578569
2274.005615 0.000000 2596.264893 0.000000 0.918110 0.000000 -0.396326 0.742730 0.742730 0.742730
2272.377197 0.000000 2593.420898 0.000000 0.790731 0.000000 -0.612163 0.774834 0.774834 0.774834
2282.620850 0.000000 2588.463867 0.000000 0.695403 0.000000 0.718620 0.601913 0.601913 0.601913
2283.413574 0.000000 2585.521484 0.000000 0.394533 0.000000 0.918882 0.516729 0.516729 0.516729
2276.922363 0.000000 2590.859375 0.000000 0.979550 0.000000 0.201198 0.666367 0.666367 0.666367
2280.970459 0.000000 2587.873291 0.000000 0.768961 0.000000 -0.639296 0.833330 0.833330 0.833330
2278.622070 0.000000 2588.859131 0.000000 0.442716 0.000000 0.896662 0.513413 0.513413 0.513413
2280.375977 0.000000 2586.373535 0.000000 0.999727 0.000000 -0.023343 0.704488 0.704488 0.704488
2278.597900 0.000000 2586.114502 0.000000 0.458380 0.000000 0.888756 0.537399 0.537399 0.537399
2285.432129 0.000000 2586.665771 0.000000 0.600770 0.000000 -0.799422 0.834364 0.834364 0.834364
2330.688477 0.000000 2601.180420 0.000000 0.183278 0.000000 -0.983061 0.716961 0.716961 0.716961
2313.394287 0.000000 2569.620361 0.000000 0.998838 0.000000 0.048193 0.699747 0.699747 0.699747
2323.357666 0.000000 2568.398682 0.000000 0.740991 0.000000 0.671515 0.689707 0.689707 0.689707
2319.302246 0.000000 2592.323975 0.000000 0.732908 0.000000 -0.680328 0.709153 0.709153 0.709153
2315.576660 0.000000 2574.803711 0.000000 0.999082 0.000000 -0.042828 0.700824 0.700824 0.700824
2321.050781 0.000000 2569.664551 0.000000 0.883604 0.000000 -0.468234 0.722993 0.722993 0.722993
2318.266846 0.000000 2564.636475 0.000000 0.663033 0.000000 -0.748590 0.776874 0.776874 0.776874
2324.217285 0.000000 2591.084961 0.000000 0.663150 0.000000 0.748486 0.648268 0.648268 0.648268
2327.107178 0.000000 2597.669434 0.000000 0.758601 0.000000 0.651555 0.660315 0.660315 0.660315
2321.024658 0.000000 2587.844727 0.000000 0.597861 0.000000 -0.801600 0.773134 0.773134 0.773134
2317.736816 0.000000 2566.587646 0.000000 0.329256 0.000000 0.944241 0.611491 0.611491 0.611491
2318.483887 0.000000 2568.444336 0.000000 0.664942 0.000000 -0.746895 0.772220 0.772220 0.772220
2325.128174 0.000000 2597.986572 0.000000 0.985917 0.000000 0.167238 0.684437 0.684437 0.684437
2318.501221 0.000000 2562.790039 0.000000 0.873989 0.000000 -0.485946 0.747001 0.747001 0.747001
2319.212891 0.000000 2575.944824 0.000000 0.998391 0.000000 -0.056700 0.705552 0.705552 0.705552
3194.886963 0.000000 2521.983643 0.000000 0.668315 0.000000 -0.743878 0.705864 0.705864 0.705864
3196.887451 0.000000 2531.542480 0.000000 0.259777 0.000000 0.965669 0.503417 0.503417 0.503417
3188.290771 0.000000 2541.709961 0.000000 0.798617 0.000000 -0.601839 0.706771 0.706771 0.706771
3195.281738 0.000000 2501.768066 0.000000 0.917308 0.000000 0.398177 0.696422 0.696422 0.696422
3180.250977 0.000000 2508.049072 0.000000 0.687407 0.000000 0.726272 0.687215 0.687215 0.687215
3197.927734 0.000000 2535.535889 0.000000 0.497041 0.000000 0.867727 0.527413 0.527413 0.527413
3192.124512 0.000000 2503.583984 0.000000 0.528412 0.000000 -0.848988 0.733671 0.733671 0.733671
3186.626221 0.000000 2505.562500 0.000000 0.960093 0.000000 0.279681 0.604888 0.604888 0.604888
3197.204590 0.000000 2528.472900 0.000000 0.977221 0.000000 -0.212223 0.721676 0.721676 0.721676
3194.764648 0.000000 2546.116943 0.000000 0.999159 0.000000 -0.041015 0.703657 0.703657 0.703657
3190.376221 0.000000 2543.915527 0.000000 0.685108 0.000000 0.728442 0.648660 0.648660 0.648660
3195.058105 0.000000 2534.011230 0.000000 0.396471 0.000000 -0.918047 0.765045 0.765045 0.765045
3183.087402 0.000000 2507.165527 0.000000 0.526761 0.000000 0.850013 0.632529 0.632529 0.632529
3194.239014 0.000000 2530.584229 0.000000 0.427867 0.000000 0.903842 0.638855 0.638855 0.638855
3194.033447 0.000000 2537.276611 0.000000 0.905044 0.000000 -0.425319 0.719193 0.719193 0.719193
3191.441895 0.000000 2509.082520 0.000000 0.783941 0.000000 -0.620835 0.753845 0.753845 0.753845
3195.343750 0.000000 2541.580566 0.000000 0.508421 0.000000 0.861109 0.600284 0.600284 0.600284
3189.800781 0.000000 2547.737305 0.000000 0.211806 0.000000 -0.977312 0.785396 0.785396 0.785396
3195.006836 0.000000 2511.129150 0.000000 0.248451 0.000000 0.968644 0.577765 0.577765 0.577765
3199.517334 0.000000 2531.748779 0.000000 0.654003 0.000000 -0.756492 0.894910 0.894910 0.894910
3192.320557 0.000000 2545.238770 0.000000 0.727601 0.000000 -0.686000 0.809654 0.809654 0.809654
3189.950684 0.000000 2504.412842 0.000000 0.999904 0.000000 -0.013877 0.702910 0.702910 0.702910
3198.703857 0.000000 2544.396973 0.000000 0.266393 0.000000 -0.963865 0.872814 0.872814 0.872814
3197.494629 0.000000 2540.863281 0.000000 0.923833 0.000000 0.382796 0.618308 0.618308 0.618308
3196.415771 0.000000 2537.067139 0.000000 0.193449 0.000000 0.981110 0.483560 0.483560 0.483560
3198.103027 0.000000 2533.411865 0.000000 0.926698 0.000000 -0.375806 0.794933 0.794933 0.794933
3199.447021 0.000000 2510.750977 0.000000 0.885902 0.000000 -0.463873 0.737934 0.737934 0.737934
3198.932617 0.000000 2529.655273 0.000000 0.987587 0.000000 0.157071 0.672988 0.672988 0.672988
3196.637939 0.000000 2509.920410 0.000000 0.763693 0.000000 -0.645580 0.763774 0.763774 0.763774
3184.721924 0.000000 2506.028564 0.000000 0.369145 0.000000 0.929372 0.574939 0.574939 0.574939
3188.433105 0.000000 2506.318359 0.000000 0.759014 0.000000 0.651075 0.616985 0.616985 0.616985
3186.785156 0.000000 2507.502686 0.000000 0.851498 0.000000 -0.524357 0.790672 0.790672 0.790672
3198.225586 0.000000 2537.592041 0.000000 0.825746 0.000000 0.564043 0.514631 0.514631 0.514631
3197.874268 0.000000 2517.866943 0.000000 0.057672 0.000000 -0.998336 0.948560 0.948560 0.948560
3194.623779 0.000000 2544.241943 0.000000 0.341070 0.000000 0.940038 0.497000 0.497000 0.497000
3188.230713 0.000000 2504.392090 0.000000 0.622927 0.000000 0.782280 0.511614 0.511614 0.511614
3196.336182 0.000000 2545.399902 0.000000 0.840132 0.000000 -0.542382 0.774136 0.774136 0.774136
3196.137939 0.000000 2535.409424 0.000000 0.819831 0.000000 -0.572606 0.800154 0.800154 0.800154
3197.645996 0.000000 2542.568848 0.000000 0.875998 0.000000 0.482314 0.606768 0.606768 0.606768
3196.578369 0.000000 2533.124512 0.000000 0.994634 0.000000 -0.103457 0.716844 0.716844 0.716844
3196.349121 0.000000 2530.021240 0.000000 0.145040 0.000000 0.989426 0.485797 0.485797 0.485797
3196.095703 0.000000 2505.680176 0.000000 0.384567 0.000000 -0.923097 0.924023 0.924023 0.924023
3194.645508 0.000000 2507.522705 0.000000 0.700981 0.000000 0.713180 0.593153 0.593153 0.593153
3197.645264 0.000000 2539.002686 0.000000 0.719909 0.000000 -0.694068 0.834061 0.834061 0.834061
3197.615234 0.000000 2507.262939 0.000000 0.755419 0.000000 -0.655242 0.819871 0.819871 0.819871
3184.925781 0.000000 2504.553223 0.000000 0.930053 0.000000 -0.367425 0.755231 0.755231 0.755231
3198.966553 0.000000 2505.050781 0.000000 0.954736 0.000000 0.297454 0.584409 0.584409 0.584409
3199.043213 0.000000 2540.726074 0.000000 0.936860 0.000000 -0.349705 0.820497 0.820497 0.820497
3198.729980 0.000000 2512.535400 0.000000 0.919392 0.000000 0.393343 0.607450 0.607450 0.607450
3199.561035 0.000000 2518.774170 0.000000 0.938153 0.000000 -0.346221 0.753752 0.753752 0.753752
3198.195801 0.000000 2530.958984 0.000000 0.840399 0.000000 -0.541968 0.830127 0.830127 0.830127
3187.103271 0.000000 2502.786865 0.000000 0.807796 0.000000 0.589462 0.604155 0.604155 0.604155
3197.388916 0.000000 2514.882324 0.000000 0.370436 0.000000 -0.928858 1.068501 1.068501 1.068501
3197.089600 0.000000 2534.374756 0.000000 0.915987 0.000000 -0.401208 0.767818 0.767818 0.767818
3198.625244 0.000000 2528.323730 0.000000 0.301134 0.000000 -0.953582 0.916633 0.916633 0.916633
3197.328125 0.000000 2513.206787 0.000000 0.964327 0.000000 0.264714 0.651776 0.651776 0.651776
3199.093506 0.000000 2536.242920 0.000000 0.235387 0.000000 -0.971902 1.112382 1.112382 1.112382
3199.094482 0.000000 2534.945068 0.000000 0.771096 0.000000 0.636719 0.515444 0.515444 0.515444
3186.857178 0.000000 2504.269775 0.000000 0.720952 0.000000 0.692985 0.443106 0.443106 0.443106
3196.315674 0.000000 2542.447021 0.000000 0.053947 0.000000 -0.998544 0.980982 0.980982 0.980982
3196.262939 0.000000 2540.699219 0.000000 0.130348 0.000000 0.991468 0.400518 0.400518 0.400518
3189.516602 0.000000 2505.600830 0.000000 0.900747 0.000000 -0.434344 0.794225 0.794225 0.794225
3198.335938 0.000000 2532.234619 0.000000 0.972240 0.000000 -0.233986 0.758196 0.758196 0.758196
3198.621094 0.000000 2543.250488 0.000000 0.184328 0.000000 -0.982865 1.024430 1.024430 1.024430
3199.226807 0.000000 2533.086426 0.000000 0.271277 0.000000 0.962501 0.380635 0.380635 0.380635
3198.070801 0.000000 2516.756104 0.000000 0.998905 0.000000 -0.046779 0.717501 0.717501 0.717501
3198.172119 0.000000 2539.968018 0.000000 0.328963 0.000000 -0.944343 1.136178 1.136178 1.136178
3198.309570 0.000000 2541.639648 0.000000 0.672110 0.000000 0.740451 0.418793 0.418793 0.418793
3187.809326 0.000000 2505.386230 0.000000 0.532231 0.000000 0.846599 0.361255 0.361255 0.361255
3199.220459 0.000000 2514.806641 0.000000 0.951899 0.000000 0.306411 0.588977 0.588977 0.588977
3199.045898 0.000000 2507.834961 0.000000 0.993084 0.000000 0.117403 0.659899 0.659899 0.659899
3199.275146 0.000000 2537.770752 0.000000 0.258172 0.000000 0.966099 0.294891 0.294891 0.294891
3198.501465 0.000000 2538.497803 0.000000 0.639180 0.000000 -0.769057 1.009720 1.009720 1.009720
3198.530029 0.000000 2505.925049 0.000000 0.055405 0.000000 -0.998464 1.279961 1.279961 1.279961
3198.816406 0.000000 2517.805176 0.000000 0.147703 0.000000 -0.989032 1.232010 1.232010 1.232010
3198.014160 0.000000 2504.833984 0.000000 0.315411 0.000000 0.948955 0.221635 0.221635 0.221635
3209.284912 0.000000 2505.635986 0.000000 0.197320 0.000000 0.980339 0.695204 0.695204 0.695204
3214.978027 0.000000 2536.050537 0.000000 0.982365 0.000000 0.186971 0.681922 0.681922 0.681922
3200.909668 0.000000 2551.936523 0.000000 0.731944 0.000000 0.681365 0.677729 0.677729 0.677729
3208.870361 0.000000 2550.217285 0.000000 0.693076 0.000000 -0.720864 0.828027 0.828027 0.828027
3215.391846 0.000000 2532.289062 0.000000 0.476384 0.000000 -0.879237 0.752566 0.752566 0.752566
3211.392822 0.000000 2528.558105 0.000000 0.515742 0.000000 0.856744 0.642460 0.642460 0.642460
3208.515381 0.000000 2554.037354 0.000000 0.086082 0.000000 -0.996288 0.891991 0.891991 0.891991
3226.555420 0.000000 2544.891846 0.000000 0.307526 0.000000 0.951540 0.640632 0.640632 0.640632
3206.862549 0.000000 2556.687256 0.000000 0.891966 0.000000 -0.452103 0.757388 0.757388 0.757388
3213.652344 0.000000 2519.953613 0.000000 0.769268 0.000000 0.638926 0.663662 0.663662 0.663662
3227.903564 0.000000 2532.721924 0.000000 0.039847 0.000000 0.999206 0.633114 0.633114 0.633114
3212.779053 0.000000 2530.993652 0.000000 0.997799 0.000000 0.066305 0.696985 0.696985 0.696985
3201.243896 0.000000 2549.110352 0.000000 0.497572 0.000000 0.867423 0.641281 0.641281 0.641281
3207.150391 0.000000 2547.999023 0.000000 0.877446 0.000000 0.479676 0.639674 0.639674 0.639674
3225.135498 0.000000 2534.871826 0.000000 0.953834 0.000000 0.300333 0.669614 0.669614 0.669614
3203.843018 0.000000 2511.284668 0.000000 0.983360 0.000000 -0.181669 0.717559 0.717559 0.717559
3205.538818 0.000000 2526.127686 0.000000 0.595951 0.000000 0.803021 0.623420 0.623420 0.623420
3203.455322 0.000000 2551.272705 0.000000 0.062828 0.000000 0.998024 0.502358 0.502358 0.502358
3209.408936 0.000000 2526.804688 0.000000 0.497248 0.000000 0.867609 0.633918 0.633918 0.633918
3210.492920 0.000000 2552.462646 0.000000 0.505985 0.000000 0.862542 0.620010 0.620010 0.620010
3199.818359 0.000000 2536.664307 0.000000 0.899157 0.000000 -0.437627 0.840110 0.840110 0.840110
3221.654297 0.000000 2529.123535 0.000000 0.365071 0.000000 0.930980 0.589123 0.589123 0.589123
3209.865967 0.000000 2547.184814 0.000000 0.616879 0.000000 0.787058 0.654083 0.654083 0.654083
3217.458496 0.000000 2527.426758 0.000000 0.282324 0.000000 -0.959319 0.843674 0.843674 0.843674
3216.047363 0.000000 2538.297852 0.000000 0.615102 0.000000 -0.788447 0.909523 0.909523 0.909523
3235.062500 0.000000 2558.636719 0.000000 0.866585 0.000000 -0.499029 0.738349 0.738349 0.738349
3210.845947 0.000000 2554.940674 0.000000 0.043427 0.000000 0.999057 0.574548 0.574548 0.574548
3222.997803 0.000000 2533.685059 0.000000 0.668479 0.000000 0.743731 0.518268 0.518268 0.518268
3218.212646 0.000000 2554.786621 0.000000 0.853457 0.000000 -0.521163 0.800595 0.800595 0.800595
3213.416504 0.000000 2526.909424 0.000000 0.429883 0.000000 0.902884 0.574014 0.574014 0.574014
3224.561523 0.000000 2544.083252 0.000000 0.262378 0.000000 -0.964965 0.818619 0.818619 0.818619
3230.392334 0.000000 2553.444092 0.000000 0.780081 0.000000 0.625679 0.656289 0.656289 0.656289
3216.978760 0.000000 2529.655273 0.000000 0.121955 0.000000 0.992536 0.489890 0.489890 0.489890
3205.083740 0.000000 2508.676758 0.000000 0.954289 0.000000 -0.298884 0.737661 0.737661 0.737661
3199.718018 0.000000 2539.384277 0.000000 0.257274 0.000000 0.966339 0.237344 0.237344 0.237344
3202.638916 0.000000 2530.064697 0.000000 0.746166 0.000000 0.665760 0.642709 0.642709 0.642709
3205.910400 0.000000 2543.770020 0.000000 0.939491 0.000000 0.342574 0.673114 0.673114 0.673114
3199.645996 0.000000 2532.037354 0.000000 0.803271 0.000000 0.595613 0.542784 0.542784 0.542784
3203.641113 0.000000 2517.204834 0.000000 0.984440 0.000000 -0.175720 0.719139 0.719139 0.719139
3225.699707 0.000000 2539.578613 0.000000 0.547788 0.000000 -0.836617 0.779672 0.779672 0.779672
3201.625732 0.000000 2506.964600 0.000000 0.470116 0.000000 -0.882604 1.015595 1.015595 1.015595
3205.942871 0.000000 2535.243652 0.000000 0.308554 0.000000 0.951207 0.605532 0.605532 0.605532
3204.943359 0.000000 2555.918457 0.000000 0.602181 0.000000 0.798360 0.590128 0.590128 0.590128
3214.734131 0.000000 2530.364014 0.000000 0.281034 0.000000 -0.959698 0.821352 0.821352 0.821352
3207.932861 0.000000 2552.127197 0.000000 0.000269 0.000000 -1.000000 1.108950 1.108950 1.108950
3225.926270 0.000000 2530.367188 0.000000 0.851971 0.000000 -0.523588 0.748151 0.748151 0.748151
3203.683350 0.000000 2515.034668 0.000000 0.226384 0.000000 0.974038 0.568623 0.568623 0.568623
3203.238770 0.000000 2553.310303 0.000000 0.860814 0.000000 0.508920 0.652413 0.652413 0.652413
3211.897217 0.000000 2556.937500 0.000000 0.758363 0.000000 -0.651832 0.755835 0.755835 0.755835
3213.262939 0.000000 2528.990479 0.000000 0.965979 0.000000 0.258620 0.673485 0.673485 0.673485
3217.576660 0.000000 2539.520264 0.000000 0.514181 0.000000 -0.857682 0.937773 0.937773 0.937773
3201.055176 0.000000 2509.283936 0.000000 0.199563 0.000000 -0.979885 0.858003 0.858003 0.858003
3203.476562 0.000000 2503.056152 0.000000 0.375505 0.000000 0.926820 0.554933 0.554933 0.554933
3211.309082 0.000000 2526.699951 0.000000 0.975265 0.000000 0.221037 0.680136 0.680136 0.680136
3225.073975 0.000000 2546.167725 0.000000 0.468717 0.000000 -0.883348 0.792736 0.792736 0.792736
3203.363037 0.000000 2544.729492 0.000000 0.941628 0.000000 -0.336655 0.749204 0.749204 0.749204
3223.572754 0.000000 2530.924072 0.000000 0.833574 0.000000 0.552408 0.617155 0.617155 0.617155
3203.421875 0.000000 2538.166748 0.000000 0.684692 0.000000 0.728833 0.481653 0.481653 0.481653
3208.542725 0.000000 2555.897705 0.000000 0.505419 0.000000 0.862874 0.565386 0.565386 0.565386
3205.357178 0.000000 2541.720947 0.000000 0.112069 0.000000 0.993700 0.562363 0.562363 0.562363
3206.835205 0.000000 2554.700928 0.000000 0.678403 0.000000 0.734690 0.554345 0.554345 0.554345
3202.930176 0.000000 2549.578857 0.000000 0.490269 0.000000 0.871571 0.544630 0.544630 0.544630
3201.339844 0.000000 2533.696289 0.000000 0.922338 0.000000 -0.386385 0.779034 0.779034 0.779034
3205.993652 0.000000 2538.428955 0.000000 0.628892 0.000000 0.777493 0.549018 0.549018 0.549018
3206.776123 0.000000 2523.073730 0.000000 0.992771 0.000000 0.120026 0.677502 0.677502 0.677502
3201.790283 0.000000 2542.549316 0.000000 0.899300 0.000000 -0.437332 0.812323 0.812323 0.812323
3206.664551 0.000000 2546.290527 0.000000 0.334577 0.000000 -0.942368 0.848274 0.848274 0.848274
3203.312988 0.000000 2520.166260 0.000000 0.861088 0.000000 0.508456 0.625428 0.625428 0.625428
3211.052979 0.000000 2558.411133 0.000000 0.825958 0.000000 -0.563732 0.758611 0.758611 0.758611
3231.963135 0.000000 2557.289551 0.000000 0.421929 0.000000 -0.906629 0.824986 0.824986 0.824986
3206.688232 0.000000 2549.659424 0.000000 0.615562 0.000000 -0.788088 0.896698 0.896698 0.896698
3203.371094 0.000000 2523.336426 0.000000 0.694728 0.000000 -0.719272 0.864137 0.864137 0.864137
3199.947998 0.000000 2544.607910 0.000000 0.998605 0.000000 -0.052796 0.707015 0.707015 0.707015
3204.782715 0.000000 2552.308105 0.000000 0.901054 0.000000 -0.433707 0.787021 0.787021 0.787021
3217.207520 0.000000 2558.657471 0.000000 0.645459 0.000000 -0.763795 0.816959 0.816959 0.816959
3220.509277 0.000000 2558.416748 0.000000 0.993938 0.000000 -0.109938 0.715979 0.715979 0.715979
3201.699951 0.000000 2536.787354 0.000000 0.998233 0.000000 -0.059414 0.718701 0.718701 0.718701
3204.328613 0.000000 2547.131836 0.000000 0.178376 0.000000 0.983962 0.456831 0.456831 0.456831
3222.551270 0.000000 2550.893799 0.000000 0.999817 0.000000 0.019116 0.697628 0.697628 0.697628
3206.789551 0.000000 2559.234863 0.000000 0.320795 0.000000 0.947149 0.534746 0.534746 0.534746
3200.063965 0.000000 2506.214844 0.000000 0.784555 0.000000 0.620059 0.504808 0.504808 0.504808
3206.428223 0.000000 2552.883301 0.000000 0.893688 0.000000 -0.448689 0.821159 0.821159 0.821159
3200.333496 0.000000 2527.945068 0.000000 0.944101 0.000000 0.329656 0.658904 0.658904 0.658904
3216.468506 0.000000 2536.753418 0.000000 0.720089 0.000000 -0.693882 0.919787 0.919787 0.919787
3224.313477 0.000000 2542.312256 0.000000 0.171117 0.000000 0.985251 0.533769 0.533769 0.533769
3200.836426 0.000000 2535.437744 0.000000 0.938706 0.000000 -0.344720 0.781801 0.781801 0.781801
3221.104736 0.000000 2552.591553 0.000000 0.440122 0.000000 0.897938 0.528518 0.528518 0.528518
3200.860107 0.000000 2531.001953 0.000000 0.583710 0.000000 -0.811962 0.872208 0.872208 0.872208
3206.198242 0.000000 2524.692383 0.000000 0.379705 0.000000 -0.925107 0.867221 0.867221 0.867221
3203.336426 0.000000 2536.575195 0.000000 0.474051 0.000000 0.880498 0.440285 0.440285 0.440285
3229.810059 0.000000 2554.851074 0.000000 0.050844 0.000000 -0.998707 0.936402 0.936402 0.936402
3204.829590 0.000000 2550.329102 0.000000 0.818147 0.000000 0.575009 0.541552 0.541552 0.541552
3203.963623 0.000000 2509.682373 0.000000 0.693470 0.000000 0.720486 0.553783 0.553783 0.553783
3219.494873 0.000000 2555.671143 0.000000 0.995445 0.000000 -0.095342 0.717521 0.717521 0.717521
3225.443115 0.000000 2556.830566 0.000000 0.814573 0.000000 -0.580061 0.794083 0.794083 0.794083
3201.650635 0.000000 2528.757080 0.000000 0.967660 0.000000 0.252258 0.658108 0.658108 0.658108
3205.544434 0.000000 2504.799805 0.000000 0.250677 0.000000 0.968071 0.504305 0.504305 0.504305
3200.347656 0.000000 2543.199219 0.000000 0.994098 0.000000 0.108484 0.673026 0.673026 0.673026
3226.703857 0.000000 2557.777344 0.000000 0.915627 0.000000 0.402028 0.639266 0.639266 0.639266
3200.623047 0.000000 2540.538574 0.000000 0.910280 0.000000 -0.413994 0.861868 0.861868 0.861868
3220.875977 0.000000 2530.369629 0.000000 0.909084 0.000000 -0.416612 0.773594 0.773594 0.773594
3205.763428 0.000000 2547.528564 0.000000 0.044218 0.000000 0.999022 0.433220 0.433220 0.433220
3220.481934 0.000000 2532.639160 0.000000 0.697602 0.000000 -0.716485 0.892632 0.892632 0.892632
3202.701660 0.000000 2539.502686 0.000000 0.740411 0.000000 0.672154 0.502910 0.502910 0.502910
3204.116211 0.000000 2522.044922 0.000000 0.705793 0.000000 -0.708419 0.973783 0.973783 0.973783
3201.345947 0.000000 2545.728271 0.000000 0.292144 0.000000 0.956374 0.504024 0.504024 0.504024
3226.967773 0.000000 2554.791016 0.000000 0.301928 0.000000 0.953331 0.490137 0.490137 0.490137
3203.134033 0.000000 2548.023193 0.000000 0.692399 0.000000 0.721515 0.581683 0.581683 0.581683
3209.954834 0.000000 2553.815918 0.000000 0.645737 0.000000 -0.763560 0.853350 0.853350 0.853350
3209.278564 0.000000 2551.641846 0.000000 0.682041 0.000000 -0.731314 0.830444 0.830444 0.830444
3220.202637 0.000000 2540.517822 0.000000 0.834723 0.000000 0.550670 0.608278 0.608278 0.608278
3223.569580 0.000000 2532.368164 0.000000 0.821375 0.000000 -0.570389 0.831533 0.831533 0.831533
3223.325928 0.000000 2537.142578 0.000000 0.001618 0.000000 -0.999999 0.938578 0.938578 0.938578
3223.681152 0.000000 2534.973633 0.000000 0.362686 0.000000 0.931911 0.481966 0.481966 0.481966
3203.437256 0.000000 2541.336670 0.000000 0.962688 0.000000 0.270615 0.640617 0.640617 0.640617
3219.626465 0.000000 2536.950439 0.000000 0.973412 0.000000 0.229059 0.648303 0.648303 0.648303
3218.930420 0.000000 2534.971924 0.000000 0.998135 0.000000 0.061041 0.686444 0.686444 0.686444
3207.525391 0.000000 2550.769043 0.000000 0.634650 0.000000 -0.772799 0.940792 0.940792 0.940792
3221.331787 0.000000 2536.405273 0.000000 0.991112 0.000000 0.133031 0.675050 0.675050 0.675050
3216.860840 0.000000 2554.147949 0.000000 0.250864 0.000000 -0.968022 1.024576 1.024576 1.024576
3204.540283 0.000000 2507.412354 0.000000 0.432257 0.000000 0.901750 0.466291 0.466291 0.466291
3200.248047 0.000000 2537.923340 0.000000 0.873299 0.000000 0.487185 0.539929 0.539929 0.539929
3214.558838 0.000000 2555.418457 0.000000 0.464768 0.000000 -0.885433 0.929944 0.929944 0.929944
3200.845459 0.000000 2532.493896 0.000000 0.821563 0.000000 -0.570118 0.820860 0.820860 0.820860
3218.955566 0.000000 2532.318359 0.000000 0.953386 0.000000 0.301753 0.640003 0.640003 0.640003
3221.600830 0.000000 2535.132812 0.000000 0.924344 0.000000 -0.381559 0.790992 0.790992 0.790992
3221.800293 0.000000 2533.004395 0.000000 0.937654 0.000000 0.347571 0.614391 0.614391 0.614391
3203.048828 0.000000 2504.289551 0.000000 0.894085 0.000000 -0.447897 0.871247 0.871247 0.871247
3205.893066 0.000000 2507.763428 0.000000 0.881580 0.000000 0.472035 0.597766 0.597766 0.597766
3202.376465 0.000000 2506.006592 0.000000 0.772535 0.000000 -0.634972 0.972920 0.972920 0.972920
3200.780029 0.000000 2505.242920 0.000000 0.991408 0.000000 -0.130806 0.747684 0.747684 0.747684
3217.233398 0.000000 2538.226074 0.000000 0.928034 0.000000 0.372496 0.611950 0.611950 0.611950
3205.904053 0.000000 2548.760010 0.000000 0.786783 0.000000 0.617229 0.539572 0.539572 0.539572
3200.999512 0.000000 2539.431152 0.000000 0.086961 0.000000 0.996212 0.111404 0.111404 0.111404
3217.046875 0.000000 2555.305664 0.000000 0.760817 0.000000 0.648966 0.525980 0.525980 0.525980
3207.385986 0.000000 2553.635498 0.000000 0.933430 0.000000 0.358760 0.604453 0.604453 0.604453
3207.934814 0.000000 2549.510254 0.000000 0.986495 0.000000 0.163794 0.664345 0.664345 0.664345
3201.075928 0.000000 2541.632812 0.000000 0.494016 0.000000 0.869453 0.300261 0.300261 0.300261
3199.618896 0.000000 2530.571777 0.000000 0.643668 0.000000 0.765305 0.502004 0.502004 0.502004
3218.559326 0.000000 2538.918457 0.000000 0.642113 0.000000 -0.766610 0.895404 0.895404 0.895404
3201.043213 0.000000 2504.136475 0.000000 0.979700 0.000000 0.200468 0.626633 0.626633 0.626633
3202.427246 0.000000 2537.676758 0.000000 0.586789 0.000000 0.809740 0.472409 0.472409 0.472409
3205.706543 0.000000 2522.631348 0.000000 0.421042 0.000000 0.907041 0.304864 0.304864 0.304864
3217.540527 0.000000 2536.999756 0.000000 0.899516 0.000000 0.436888 0.570416 0.570416 0.570416
3199.761475 0.000000 2535.542480 0.000000 0.631972 0.000000 0.774991 0.462914 0.462914 0.462914
3200.667725 0.000000 2507.414062 0.000000 0.816253 0.000000 -0.577695 0.879749 0.879749 0.879749
3202.590332 0.000000 2507.409180 0.000000 0.876988 0.000000 -0.480513 0.898842 0.898842 0.898842
3203.123291 0.000000 2505.267578 0.000000 0.073031 0.000000 -0.997330 1.252262 1.252262 1.252262
3200.739014 0.000000 2537.033936 0.000000 0.329770 0.000000 -0.944061 1.088405 1.088405 1.088405
3199.630371 0.000000 2516.777344 0.000000 0.993010 0.000000 0.118030 0.655756 0.655756 0.655756
3201.876221 0.000000 2539.947510 0.000000 0.936574 0.000000 0.350470 0.557952 0.557952 0.557952
3203.519531 0.000000 2507.626465 0.000000 0.692422 0.000000 -0.721493 1.019724 1.019724 1.019724
3200.382812 0.000000 2538.801270 0.000000 0.908414 0.000000 -0.418071 0.871106 0.871106 0.871106
3388.145020 0.000000 2428.142578 0.000000 0.373401 0.000000 -0.927670 0.714534 0.714534 0.714534
3372.135010 0.000000 2430.187256 0.000000 0.752140 0.000000 -0.659003 0.726405 0.726405 0.726405
3381.583008 0.000000 2429.488037 0.000000 0.644085 0.000000 0.764954 0.668036 0.668036 0.668036
3385.113770 0.000000 2429.756348 0.000000 0.490467 0.000000 0.871460 0.672261 0.672261 0.672261
3399.168945 0.000000 2414.070312 0.000000 0.981247 0.000000 0.192755 0.692542 0.692542 0.692542
3375.144043 0.000000 2432.834473 0.000000 0.622704 0.000000 -0.782458 0.710993 0.710993 0.710993
3378.813477 0.000000 2434.855469 0.000000 0.984312 0.000000 0.176437 0.693491 0.693491 0.693491
3132.176270 0.000000 2620.095703 0.000000 0.389330 0.000000 -0.921098 0.706139 0.706139 0.706139
3108.830078 0.000000 2669.277100 0.000000 0.717776 0.000000 0.696274 0.698654 0.698654 0.698654
3108.973145 0.000000 2656.489746 0.000000 0.566418 0.000000 0.824118 0.694922 0.694922 0.694922
3121.987061 0.000000 2683.751953 0.000000 0.221562 0.000000 0.975146 0.692936 0.692936 0.692936
3110.577148 0.000000 2675.747803 0.000000 0.900704 0.000000 -0.434434 0.703142 0.703142 0.703142
3158.590820 0.000000 2654.791260 0.000000 0.727669 0.000000 0.685928 0.694716 0.694716 0.694716
3135.989990 0.000000 2626.652588 0.000000 0.415063 0.000000 0.909793 0.696006 0.696006 0.696006
3222.583008 0.000000 2590.806885 0.000000 0.649288 0.000000 0.760543 0.696980 0.696980 0.696980
3229.114014 0.000000 2561.098633 0.000000 0.380024 0.000000 -0.924977 0.726830 0.726830 0.726830
3242.218262 0.000000 2607.209717 0.000000 0.555237 0.000000 -0.831692 0.730895 0.730895 0.730895
3203.778320 0.000000 2560.628662 0.000000 0.921127 0.000000 -0.389262 0.720263 0.720263 0.720263
3241.302734 0.000000 2614.935059 0.000000 0.994663 0.000000 0.103173 0.697652 0.697652 0.697652
3255.897705 0.000000 2603.133057 0.000000 0.952312 0.000000 0.305127 0.692956 0.692956 0.692956
3225.067871 0.000000 2561.037598 0.000000 0.921347 0.000000 -0.388740 0.714653 0.714653 0.714653
3202.890381 0.000000 2565.246338 0.000000 0.858578 0.000000 -0.512683 0.718815 0.718815 0.718815
3250.618408 0.000000 2569.546875 0.000000 0.137689 0.000000 -0.990476 0.772608 0.772608 0.772608
3205.497314 0.000000 2567.270264 0.000000 0.844727 0.000000 0.535198 0.685196 0.685196 0.685196
3208.830322 0.000000 2566.274902 0.000000 0.846656 0.000000 -0.532141 0.723535 0.723535 0.723535
3214.017090 0.000000 2560.943115 0.000000 0.740511 0.000000 -0.672045 0.756668 0.756668 0.756668
3258.164062 0.000000 2617.803223 0.000000 0.914765 0.000000 -0.403986 0.744333 0.744333 0.744333
3237.047852 0.000000 2614.153564 0.000000 0.708734 0.000000 0.705476 0.519355 0.519355 0.519355
3258.025635 0.000000 2601.260986 0.000000 0.849741 0.000000 0.527200 0.661183 0.661183 0.661183
3227.884277 0.000000 2614.395264 0.000000 0.897314 0.000000 -0.441393 0.783885 0.783885 0.783885
3214.157471 0.000000 2564.636475 0.000000 0.988078 0.000000 0.153956 0.690005 0.690005 0.690005
3227.005859 0.000000 2559.495850 0.000000 0.966436 0.000000 -0.256906 0.722703 0.722703 0.722703
3204.142578 0.000000 2563.158203 0.000000 0.145416 0.000000 0.989371 0.518225 0.518225 0.518225
3256.752441 0.000000 2596.636475 0.000000 0.001783 0.000000 0.999998 0.614999 0.614999 0.614999
3236.363525 0.000000 2610.766846 0.000000 0.502701 0.000000 -0.864461 0.772984 0.772984 0.772984
3238.538086 0.000000 2603.558350 0.000000 0.650644 0.000000 -0.759383 0.745212 0.745212 0.745212
3249.757812 0.000000 2567.304443 0.000000 0.989485 0.000000 0.144634 0.691376 0.691376 0.691376
3241.254639 0.000000 2600.439209 0.000000 0.628549 0.000000 0.777770 0.651724 0.651724 0.651724
3218.016846 0.000000 2561.536865 0.000000 0.956255 0.000000 -0.292533 0.720753 0.720753 0.720753
3247.312012 0.000000 2563.280029 0.000000 0.713378 0.000000 -0.700780 0.747494 0.747494 0.747494
3226.105469 0.000000 2617.478027 0.000000 0.770484 0.000000 0.637459 0.571960 0.571960 0.571960
3253.598145 0.000000 2596.379639 0.000000 0.910521 0.000000 0.413464 0.613590 0.613590 0.613590
3240.613281 0.000000 2612.687744 0.000000 0.054220 0.000000 -0.998529 0.787460 0.787460 0.787460
3253.942871 0.000000 2568.397217 0.000000 0.806122 0.000000 0.591750 0.659055 0.659055 0.659055
3239.151855 0.000000 2615.229980 0.000000 0.883469 0.000000 0.468489 0.643762 0.643762 0.643762
3250.828613 0.000000 2565.120850 0.000000 0.914297 0.000000 0.405044 0.668662 0.668662 0.668662
3262.280762 0.000000 2619.854248 0.000000 0.093828 0.000000 0.995588 0.341257 0.341257 0.341257
3215.998047 0.000000 2571.903076 0.000000 0.968663 0.000000 0.248379 0.637272 0.637272 0.637272
3205.612793 0.000000 2561.607910 0.000000 0.863477 0.000000 -0.504388 0.762825 0.762825 0.762825
3213.468506 0.000000 2572.406738 0.000000 0.491930 0.000000 -0.870635 0.788623 0.788623 0.788623
3235.276367 0.000000 2613.088379 0.000000 0.107924 0.000000 0.994159 0.572194 0.572194 0.572194
3210.772705 0.000000 2566.773438 0.000000 0.994247 0.000000 0.107115 0.690622 0.690622 0.690622
3229.083252 0.000000 2615.968750 0.000000 0.471077 0.000000 0.882092 0.367731 0.367731 0.367731
3206.908203 0.000000 2565.923340 0.000000 0.554999 0.000000 0.831851 0.569517 0.569517 0.569517
3204.973877 0.000000 2565.403809 0.000000 0.999432 0.000000 0.033689 0.697173 0.697173 0.697173
3219.790771 0.000000 2595.337402 0.000000 0.974693 0.000000 -0.223547 0.718912 0.718912 0.718912
3229.662109 0.000000 2613.666016 0.000000 0.970407 0.000000 0.241476 0.677411 0.677411 0.677411
3212.831055 0.000000 2559.469482 0.000000 0.104298 0.000000 0.994546 0.546250 0.546250 0.546250
3250.777344 0.000000 2571.487061 0.000000 0.904943 0.000000 -0.425534 0.740712 0.740712 0.740712
3221.018799 0.000000 2597.986572 0.000000 0.528980 0.000000 0.848634 0.595511 0.595511 0.595511
3255.013916 0.000000 2597.674561 0.000000 0.950871 0.000000 0.309588 0.660945 0.660945 0.660945
3256.282959 0.000000 2600.877686 0.000000 0.619806 0.000000 0.784755 0.480818 0.480818 0.480818
3227.284180 0.000000 2616.170410 0.000000 0.953852 0.000000 0.300276 0.643504 0.643504 0.643504
3236.081543 0.000000 2615.858643 0.000000 0.989513 0.000000 -0.144446 0.733438 0.733438 0.733438
3205.336670 0.000000 2559.921143 0.000000 0.871150 0.000000 -0.491018 0.754715 0.754715 0.754715
3238.922363 0.000000 2613.556152 0.000000 0.183330 0.000000 -0.983051 1.010130 1.010130 1.010130
3241.887939 0.000000 2605.577148 0.000000 0.345137 0.000000 0.938552 0.369962 0.369962 0.369962
3236.975830 0.000000 2612.266602 0.000000 0.965057 0.000000 0.262039 0.634205 0.634205 0.634205
3254.665771 0.000000 2599.510742 0.000000 0.110128 0.000000 -0.993917 1.195136 1.195136 1.195136
3259.341553 0.000000 2581.128906 0.000000 0.220641 0.000000 0.975355 0.403105 0.403105 0.403105
3212.774414 0.000000 2563.792969 0.000000 0.529213 0.000000 -0.848489 0.884134 0.884134 0.884134
3251.766357 0.000000 2599.380615 0.000000 0.190217 0.000000 0.981742 0.533666 0.533666 0.533666
3251.849609 0.000000 2597.710938 0.000000 0.789638 0.000000 -0.613573 0.799280 0.799280 0.799280
3210.879395 0.000000 2563.638916 0.000000 0.634441 0.000000 -0.772971 0.985642 0.985642 0.985642
3215.302734 0.000000 2559.842773 0.000000 0.975467 0.000000 0.220144 0.672847 0.672847 0.672847
3243.371582 0.000000 2605.909668 0.000000 0.137773 0.000000 -0.990464 0.905292 0.905292 0.905292
3257.511719 0.000000 2598.022217 0.000000 0.198197 0.000000 -0.980162 0.997157 0.997157 0.997157
3261.238281 0.000000 2618.705811 0.000000 0.924764 0.000000 -0.380540 0.754578 0.754578 0.754578
3240.914062 0.000000 2604.366699 0.000000 0.889371 0.000000 0.457186 0.571381 0.571381 0.571381
3262.255371 0.000000 2616.798828 0.000000 0.265257 0.000000 -0.964178 0.945800 0.945800 0.945800
3224.509521 0.000000 2597.521729 0.000000 0.055061 0.000000 0.998483 0.451010 0.451010 0.451010
3220.875977 0.000000 2594.354004 0.000000 0.597778 0.000000 0.801661 0.433439 0.433439 0.433439
3258.737061 0.000000 2578.163818 0.000000 0.441329 0.000000 0.897345 0.380805 0.380805 0.380805
3223.569580 0.000000 2596.352539 0.000000 0.906236 0.000000 0.422772 0.574134 0.574134 0.574134
3215.990967 0.000000 2573.295166 0.000000 0.978789 0.000000 0.204869 0.641947 0.641947 0.641947
3242.342041 0.000000 2603.105957 0.000000 0.461875 0.000000 0.886945 0.503675 0.503675 0.503675
3214.820557 0.000000 2572.609619 0.000000 0.741919 0.000000 0.670489 0.493237 0.493237 0.493237
3226.652100 0.000000 2614.973877 0.000000 0.873273 0.000000 0.487231 0.606616 0.606616 0.606616
3210.497070 0.000000 2562.316895 0.000000 0.942832 0.000000 -0.333269 0.809848 0.809848 0.809848
3213.214355 0.000000 2562.119873 0.000000 0.995428 0.000000 -0.095510 0.717385 0.717385 0.717385
3237.726562 0.000000 2615.438477 0.000000 0.222765 0.000000 -0.974872 1.010530 1.010530 1.010530
3222.300781 0.000000 2594.294434 0.000000 0.998935 0.000000 -0.046146 0.710003 0.710003 0.710003
3259.791504 0.000000 2579.664062 0.000000 0.924517 0.000000 -0.381141 0.812071 0.812071 0.812071
3250.832520 0.000000 2572.804932 0.000000 0.555038 0.000000 0.831825 0.439046 0.439046 0.439046
3213.059082 0.000000 2565.219482 0.000000 0.070858 0.000000 0.997486 0.356627 0.356627 0.356627
3260.349365 0.000000 2615.974121 0.000000 0.486950 0.000000 -0.873430 0.950599 0.950599 0.950599
3253.825195 0.000000 2597.579834 0.000000 0.707647 0.000000 0.706566 0.540939 0.540939 0.540939
3250.406738 0.000000 2575.392822 0.000000 0.581443 0.000000 -0.813587 0.929179 0.929179 0.929179
3229.791748 0.000000 2614.857422 0.000000 0.948456 0.000000 -0.316909 0.799183 0.799183 0.799183
3237.801758 0.000000 2613.209961 0.000000 0.580940 0.000000 -0.813946 0.935976 0.935976 0.935976
3208.691650 0.000000 2562.212646 0.000000 0.386767 0.000000 -0.922178 1.104065 1.104065 1.104065
3263.152100 0.000000 2619.051514 0.000000 0.602904 0.000000 0.797814 0.475630 0.475630 0.475630
3261.843994 0.000000 2615.713867 0.000000 0.273232 0.000000 0.961948 0.394704 0.394704 0.394704
3214.952637 0.000000 2571.466553 0.000000 0.987837 0.000000 -0.155494 0.739017 0.739017 0.739017
3253.591309 0.000000 2599.708496 0.000000 0.874843 0.000000 0.484406 0.577162 0.577162 0.577162
3236.349854 0.000000 2613.182129 0.000000 0.873830 0.000000 -0.486231 0.826007 0.826007 0.826007
3210.779297 0.000000 2565.660400 0.000000 0.790282 0.000000 -0.612743 0.917837 0.917837 0.917837
3251.581787 0.000000 2573.581787 0.000000 0.384156 0.000000 -0.923268 1.012518 1.012518 1.012518
3228.067139 0.000000 2615.483398 0.000000 0.671802 0.000000 -0.740731 0.956566 0.956566 0.956566
3254.360840 0.000000 2598.499268 0.000000 0.864731 0.000000 0.502235 0.521608 0.521608 0.521608
3228.903320 0.000000 2614.358887 0.000000 0.057920 0.000000 -0.998321 1.165313 1.165313 1.165313
3255.982910 0.000000 2599.922363 0.000000 0.676829 0.000000 -0.736140 0.980498 0.980498 0.980498
3255.368164 0.000000 2598.610352 0.000000 0.769074 0.000000 -0.639159 0.935086 0.935086 0.935086
3211.834717 0.000000 2563.441406 0.000000 0.984283 0.000000 0.176599 0.642604 0.642604 0.642604
3208.340820 0.000000 2563.134521 0.000000 0.816914 0.000000 0.576760 0.488355 0.488355 0.488355
3209.986328 0.000000 2563.966064 0.000000 0.509441 0.000000 0.860506 0.343242 0.343242 0.343242
3263.703857 0.000000 2620.446533 0.000000 0.290997 0.000000 -0.956724 0.784705 0.784705 0.784705
3272.862549 0.000000 2614.201660 0.000000 0.270123 0.000000 -0.962826 0.965250 0.965250 0.965250
3276.110107 0.000000 2612.264404 0.000000 0.344774 0.000000 0.938686 0.631842 0.631842 0.631842
3277.222900 0.000000 2619.395020 0.000000 0.562490 0.000000 -0.826804 0.737424 0.737424 0.737424
3270.127686 0.000000 2615.255127 0.000000 0.622479 0.000000 -0.782636 0.820958 0.820958 0.820958
3265.551758 0.000000 2618.535645 0.000000 0.967079 0.000000 0.254476 0.682013 0.682013 0.682013
3274.485107 0.000000 2616.447021 0.000000 0.439917 0.000000 -0.898038 0.840332 0.840332 0.840332
3281.547363 0.000000 2614.324219 0.000000 0.645420 0.000000 0.763828 0.444801 0.444801 0.444801
3275.173340 0.000000 2614.304688 0.000000 0.998223 0.000000 0.059591 0.691351 0.691351 0.691351
3278.806396 0.000000 2617.057617 0.000000 0.999624 0.000000 0.027426 0.694535 0.694535 0.694535
3271.925049 0.000000 2616.111572 0.000000 0.359117 0.000000 -0.933293 1.047023 1.047023 1.047023
3267.230957 0.000000 2617.294678 0.000000 0.648899 0.000000 0.760875 0.603292 0.603292 0.603292
3276.116699 0.000000 2617.515625 0.000000 0.693764 0.000000 0.720203 0.555262 0.555262 0.555262
3279.810303 0.000000 2615.211182 0.000000 0.571766 0.000000 -0.820417 0.957257 0.957257 0.957257
3283.363281 0.000000 2614.197754 0.000000 0.726324 0.000000 -0.687353 0.794031 0.794031 0.794031
3268.774902 0.000000 2616.292480 0.000000 0.913267 0.000000 0.407362 0.555555 0.555555 0.555555
3270.420410 0.000000 2616.867676 0.000000 0.351322 0.000000 0.936255 0.350572 0.350572 0.350572
3278.282227 0.000000 2614.869141 0.000000 0.375621 0.000000 -0.926773 1.017041 1.017041 1.017041
3277.638672 0.000000 2617.995850 0.000000 0.884822 0.000000 0.465930 0.612756 0.612756 0.612756
3273.947021 0.000000 2617.800293 0.000000 0.822746 0.000000 0.568409 0.579555 0.579555 0.579555
3273.270752 0.000000 2615.626221 0.000000 0.131080 0.000000 0.991372 0.405702 0.405702 0.405702
3263.665527 0.000000 2616.399414 0.000000 0.194804 0.000000 -0.980842 0.959467 0.959467 0.959467
3273.193604 0.000000 2616.845459 0.000000 0.999396 0.000000 0.034757 0.693074 0.693074 0.693074
3271.378174 0.000000 2617.619873 0.000000 0.994954 0.000000 0.100334 0.671020 0.671020 0.671020
3281.097900 0.000000 2615.497314 0.000000 0.720338 0.000000 -0.693624 0.925042 0.925042 0.925042
3280.070801 0.000000 2614.067383 0.000000 0.980856 0.000000 -0.194734 0.757541 0.757541 0.757541
3268.331299 0.000000 2617.264160 0.000000 0.376466 0.000000 0.926431 0.292098 0.292098 0.292098
3269.744385 0.000000 2616.182861 0.000000 0.247486 0.000000 0.968891 0.245313 0.245313 0.245313
3269.369141 0.000000 2617.036865 0.000000 0.897340 0.000000 -0.441340 0.857365 0.857365 0.857365
3251.306396 0.000000 2660.193848 0.000000 0.977785 0.000000 0.209612 0.699631 0.699631 0.699631
3239.931152 0.000000 2685.300049 0.000000 0.471405 0.000000 -0.881917 0.707549 0.707549 0.707549
3245.252930 0.000000 2675.814697 0.000000 0.914072 0.000000 0.405551 0.697081 0.697081 0.697081
3260.067139 0.000000 2667.168945 0.000000 0.985006 0.000000 0.172518 0.699394 0.699394 0.699394
3265.577637 0.000000 2666.370850 0.000000 0.290997 0.000000 0.956724 0.695542 0.695542 0.695542
3094.598633 0.000000 2718.775635 0.000000 0.113165 0.000000 0.993576 0.694906 0.694906 0.694906
3126.678467 0.000000 2688.095947 0.000000 0.999802 0.000000 -0.019883 0.700104 0.700104 0.700104
3079.792236 0.000000 2716.668213 0.000000 0.025138 0.000000 0.999684 0.694598 0.694598 0.694598
3098.594727 0.000000 2729.149170 0.000000 0.082655 0.000000 -0.996578 0.710402 0.710402 0.710402
3131.289551 0.000000 2693.721191 0.000000 0.963347 0.000000 0.268257 0.698102 0.698102 0.698102
3087.208496 0.000000 2720.292725 0.000000 0.774887 0.000000 0.632100 0.694021 0.694021 0.694021
3172.822266 0.000000 2733.261475 0.000000 0.548079 0.000000 0.836426 0.694806 0.694806 0.694806
3187.314209 0.000000 2724.178223 0.000000 0.693726 0.000000 -0.720239 0.701405 0.701405 0.701405
3175.938965 0.000000 2749.284424 0.000000 0.125298 0.000000 0.992119 0.692423 0.692423 0.692423
3172.965332 0.000000 2720.474121 0.000000 0.435442 0.000000 0.900217 0.696084 0.696084 0.696084
3135.989990 0.000000 2690.636963 0.000000 0.346650 0.000000 -0.937995 0.704253 0.704253 0.704253
3181.506592 0.000000 2730.644287 0.000000 0.709414 0.000000 0.704792 0.694533 0.694533 0.694533
3177.158936 0.000000 2703.755859 0.000000 0.061325 0.000000 0.998118 0.689449 0.689449 0.689449
3175.545166 0.000000 2712.927490 0.000000 0.955953 0.000000 -0.293521 0.702082 0.702082 0.702082
3175.464600 0.000000 2726.782959 0.000000 0.447979 0.000000 0.894044 0.692267 0.692267 0.692267
3174.569336 0.000000 2739.732178 0.000000 0.802077 0.000000 -0.597221 0.704474 0.704474 0.704474
3180.833008 0.000000 2723.733398 0.000000 0.660257 0.000000 0.751040 0.692576 0.692576 0.692576
3083.006836 0.000000 2752.114990 0.000000 0.075127 0.000000 0.997174 0.694773 0.694773 0.694773
3114.610352 0.000000 2759.274658 0.000000 0.844828 0.000000 -0.535038 0.701973 0.701973 0.701973
3130.035889 0.000000 2764.853516 0.000000 0.060693 0.000000 -0.998156 0.707917 0.707917 0.707917
3071.997803 0.000000 2754.621338 0.000000 0.320114 0.000000 0.947379 0.689122 0.689122 0.689122
3091.263916 0.000000 2760.351807 0.000000 0.468921 0.000000 -0.883240 0.705676 0.705676 0.705676
3137.119629 0.000000 2767.184570 0.000000 0.929957 0.000000 -0.367669 0.701974 0.701974 0.701974
3158.590820 0.000000 2782.760010 0.000000 0.308899 0.000000 0.951095 0.695607 0.695607 0.695607
3178.602539 0.000000 2759.274658 0.000000 0.362850 0.000000 0.931847 0.695808 0.695808 0.695808
3145.292725 0.000000 2761.573486 0.000000 0.961824 0.000000 -0.273669 0.701453 0.701453 0.701453
3160.632568 0.000000 2773.660400 0.000000 0.526406 0.000000 0.850233 0.694671 0.694671 0.694671
3151.823242 0.000000 2777.915771 0.000000 0.683190 0.000000 -0.730241 0.705723 0.705723 0.705723
3144.418701 0.000000 2771.656250 0.000000 0.164637 0.000000 -0.986354 0.712280 0.712280 0.712280
3235.105469 0.000000 2687.906250 0.000000 0.838048 0.000000 0.545596 0.696974 0.696974 0.696974
3209.284912 0.000000 2697.589111 0.000000 0.263077 0.000000 -0.964775 0.704560 0.704560 0.704560
3219.248291 0.000000 2696.367432 0.000000 0.535278 0.000000 0.844676 0.692968 0.692968 0.692968
3208.410889 0.000000 2707.671875 0.000000 0.017788 0.000000 0.999842 0.686430 0.686430 0.686430
3216.202393 0.000000 2691.098389 0.000000 0.136895 0.000000 -0.990586 0.715031 0.715031 0.715031
3211.467285 0.000000 2702.772461 0.000000 0.567666 0.000000 0.823259 0.686479 0.686479 0.686479
3214.349121 0.000000 2698.508789 0.000000 0.686033 0.000000 -0.727570 0.711391 0.711391 0.711391
3320.241943 0.000000 2739.697998 0.000000 0.739008 0.000000 -0.673697 0.701292 0.701292 0.701292
3309.490967 0.000000 2730.644287 0.000000 0.569256 0.000000 -0.822161 0.705060 0.705060 0.705060
3314.777344 0.000000 2741.909180 0.000000 0.851395 0.000000 0.524525 0.695175 0.695175 0.695175
3325.615967 0.000000 2697.611572 0.000000 0.162203 0.000000 -0.986757 0.810717 0.810717 0.810717
3325.383057 0.000000 2703.809814 0.000000 0.999533 0.000000 0.030546 0.699253 0.699253 0.699253
3326.787598 0.000000 2694.246582 0.000000 0.932077 0.000000 -0.362261 0.775795 0.775795 0.775795
3326.458496 0.000000 2700.734619 0.000000 0.999072 0.000000 -0.043067 0.713702 0.713702 0.713702
3324.215576 0.000000 2699.787842 0.000000 0.869082 0.000000 0.494668 0.652977 0.652977 0.652977
3327.431396 0.000000 2702.704102 0.000000 0.029627 0.000000 0.999561 0.546481 0.546481 0.546481
3324.622314 0.000000 2701.873535 0.000000 0.738193 0.000000 0.674589 0.608131 0.608131 0.608131
3327.020264 0.000000 2698.739258 0.000000 0.252448 0.000000 0.967610 0.316051 0.316051 0.316051
3326.950928 0.000000 2697.003906 0.000000 0.929111 0.000000 0.369802 0.597393 0.597393 0.597393
3327.492676 0.000000 2701.249023 0.000000 0.631543 0.000000 0.775341 0.417799 0.417799 0.417799
3327.030273 0.000000 2699.788086 0.000000 0.753845 0.000000 0.657053 0.490775 0.490775 0.490775
3318.655029 0.000000 2752.080322 0.000000 0.934352 0.000000 0.356351 0.699363 0.699363 0.699363
3420.090332 0.000000 2622.348389 0.000000 0.938257 0.000000 0.345939 0.697531 0.697531 0.697531
3332.505371 0.000000 2676.780273 0.000000 0.844732 0.000000 -0.535189 0.707895 0.707895 0.707895
3331.079102 0.000000 2684.660889 0.000000 0.544402 0.000000 0.838825 0.668697 0.668697 0.668697
3336.172607 0.000000 2686.457764 0.000000 0.523553 0.000000 -0.851993 0.812276 0.812276 0.812276
3332.927734 0.000000 2683.887207 0.000000 0.999554 0.000000 0.029880 0.696396 0.696396 0.696396
3331.396484 0.000000 2686.780029 0.000000 0.601416 0.000000 -0.798936 0.777637 0.777637 0.777637
3333.357178 0.000000 2685.541260 0.000000 0.890688 0.000000 0.454615 0.616700 0.616700 0.616700
3334.773926 0.000000 2687.203613 0.000000 0.466838 0.000000 0.884343 0.335915 0.335915 0.335915
3334.412598 0.000000 2680.852051 0.000000 0.048504 0.000000 0.998823 0.266371 0.266371 0.266371
3335.509766 0.000000 2678.737793 0.000000 0.796706 0.000000 -0.604367 0.883729 0.883729 0.883729
3332.037109 0.000000 2685.572021 0.000000 0.979303 0.000000 0.202399 0.664027 0.664027 0.664027
3334.993164 0.000000 2685.917969 0.000000 0.991156 0.000000 -0.132701 0.736749 0.736749 0.736749
3334.114014 0.000000 2683.715332 0.000000 0.200749 0.000000 0.979643 0.369922 0.369922 0.369922
3335.370361 0.000000 2681.604248 0.000000 0.606006 0.000000 0.795460 0.437999 0.437999 0.437999
3333.935547 0.000000 2686.482422 0.000000 0.998404 0.000000 0.056472 0.684300 0.684300 0.684300
3335.866699 0.000000 2682.958984 0.000000 0.178300 0.000000 0.983976 0.364408 0.364408 0.364408
3332.412598 0.000000 2686.577393 0.000000 0.537616 0.000000 -0.843190 0.978752 0.978752 0.978752
3334.879395 0.000000 2679.929199 0.000000 0.449351 0.000000 -0.893355 1.012766 1.012766 1.012766
3419.953125 0.000000 2631.024170 0.000000 0.736021 0.000000 0.676959 0.698700 0.698700 0.698700
3408.652588 0.000000 2640.776855 0.000000 0.502118 0.000000 -0.864799 0.705477 0.705477 0.705477
3413.160645 0.000000 2623.713379 0.000000 0.953308 0.000000 -0.301999 0.701608 0.701608 0.701608
3416.601318 0.000000 2645.691650 0.000000 0.953996 0.000000 0.299820 0.697339 0.697339 0.697339
3407.791992 0.000000 2649.947021 0.000000 0.933904 0.000000 -0.357525 0.701917 0.701917 0.701917
3400.387451 0.000000 2643.687500 0.000000 0.406682 0.000000 0.913570 0.681881 0.681881 0.681881
3398.410645 0.000000 2638.262939 0.000000 0.950711 0.000000 -0.310077 0.705510 0.705510 0.705510
3350.567383 0.000000 2718.775635 0.000000 0.213145 0.000000 -0.977021 0.702370 0.702370 0.702370
3364.798828 0.000000 2733.261475 0.000000 0.224564 0.000000 0.974459 0.697651 0.697651 0.697651
3379.290771 0.000000 2724.178223 0.000000 0.307763 0.000000 0.951463 0.695603 0.695603 0.695603
3344.660400 0.000000 2704.761230 0.000000 0.346755 0.000000 -0.937956 0.706379 0.706379 0.706379
3358.527588 0.000000 2715.603027 0.000000 0.475470 0.000000 -0.879732 0.705637 0.705637 0.705637
3388.864014 0.000000 2723.495605 0.000000 0.967715 0.000000 0.252048 0.698219 0.698219 0.698219
3327.714844 0.000000 2699.831299 0.000000 0.986626 0.000000 -0.163002 0.747785 0.747785 0.747785
3327.618652 0.000000 2694.027588 0.000000 0.497783 0.000000 0.867302 0.485359 0.485359 0.485359
3327.665771 0.000000 2696.592773 0.000000 0.223444 0.000000 -0.974717 1.064449 1.064449 1.064449
3329.039551 0.000000 2701.237061 0.000000 0.999996 0.000000 0.002744 0.699698 0.699698 0.699698
3333.321045 0.000000 2687.889893 0.000000 0.689746 0.000000 -0.724051 0.924976 0.924976 0.924976
3336.814209 0.000000 2687.485352 0.000000 0.962872 0.000000 0.269960 0.669905 0.669905 0.669905
3334.742188 0.000000 2687.374512 0.000000 0.961691 0.000000 0.274137 0.606824 0.606824 0.606824
3328.209961 0.000000 2695.266113 0.000000 0.930499 0.000000 -0.366294 0.785855 0.785855 0.785855
3332.143311 0.000000 2687.594971 0.000000 0.176835 0.000000 -0.984241 1.087075 1.087075 1.087075
3335.765381 0.000000 2687.604980 0.000000 0.408853 0.000000 0.912600 0.314268 0.314268 0.314268
3414.559570 0.000000 2718.775635 0.000000 0.275275 0.000000 -0.961366 0.709031 0.709031 0.709031
3393.562012 0.000000 2730.355225 0.000000 0.669603 0.000000 -0.742719 0.701463 0.701463 0.701463
3402.958740 0.000000 2725.151855 0.000000 0.593474 0.000000 -0.804853 0.708174 0.708174 0.708174
3416.601318 0.000000 2709.676025 0.000000 0.988890 0.000000 0.148649 0.698436 0.698436 0.698436
3400.387451 0.000000 2707.671875 0.000000 0.997719 0.000000 -0.067500 0.700354 0.700354 0.700354
3411.211426 0.000000 2725.562988 0.000000 0.879310 0.000000 -0.476249 0.703470 0.703470 0.703470
3399.843018 0.000000 2730.836182 0.000000 0.683980 0.000000 -0.729500 0.707144 0.707144 0.707144
3396.838867 0.000000 2725.375977 0.000000 0.218942 0.000000 -0.975738 0.714156 0.714156 0.714156
3505.337158 0.000000 2764.809814 0.000000 0.993645 0.000000 0.112559 0.699409 0.699409 0.699409
3503.431396 0.000000 2760.202393 0.000000 0.819853 0.000000 0.572574 0.691477 0.691477 0.691477
3329.096191 0.000000 3023.122070 0.000000 0.385840 0.000000 0.922566 0.697947 0.697947 0.697947
3336.395264 0.000000 3027.593750 0.000000 0.737102 0.000000 -0.675782 0.703890 0.703890 0.703890
3728.613525 0.000000 3344.604980 0.000000 0.957791 0.000000 0.287466 0.699490 0.699490 0.699490
5714.930176 0.000000 678.063049 0.000000 0.175670 0.000000 0.984449 0.690254 0.690254 0.690254
5700.558105 0.000000 677.875916 0.000000 0.622917 0.000000 0.782288 0.692150 0.692150 0.692150
5652.887207 0.000000 704.182129 0.000000 0.918874 0.000000 -0.394550 0.701418 0.701418 0.701418
5094.613281 0.000000 1648.307251 0.000000 0.962120 0.000000 -0.272628 0.708203 0.708203 0.708203
6388.746582 0.000000 1885.769775 0.000000 0.703239 0.000000 -0.710953 0.705528 0.705528 0.705528
6384.926270 0.000000 1883.930542 0.000000 0.200771 0.000000 -0.979638 0.740661 0.740661 0.740661
6363.594238 0.000000 1927.195923 0.000000 0.344229 0.000000 0.938886 0.697869 0.697869 0.697869
6370.722656 0.000000 1920.093750 0.000000 0.049958 0.000000 -0.998751 0.710631 0.710631 0.710631
6370.749512 0.000000 1930.676147 0.000000 0.998040 0.000000 -0.062579 0.701204 0.701204 0.701204
6371.516113 0.000000 1936.081299 0.000000 0.916936 0.000000 0.399035 0.685654 0.685654 0.685654
6356.192871 0.000000 2426.468262 0.000000 0.596695 0.000000 -0.802468 0.711394 0.711394 0.711394
6352.603516 0.000000 2424.738037 0.000000 0.997164 0.000000 -0.075265 0.702896 0.702896 0.702896
6348.848145 0.000000 2427.441895 0.000000 0.723104 0.000000 -0.690739 0.727984 0.727984 0.727984
6351.442871 0.000000 2427.050537 0.000000 0.376838 0.000000 -0.926279 0.797284 0.797284 0.797284
6353.830078 0.000000 2426.817871 0.000000 0.844558 0.000000 0.535464 0.646676 0.646676 0.646676
6353.007812 0.000000 2428.464600 0.000000 0.705325 0.000000 0.708884 0.603614 0.603614 0.603614
6352.756836 0.000000 2431.412109 0.000000 0.453468 0.000000 -0.891272 0.776904 0.776904 0.776904
6651.653320 0.000000 2411.231445 0.000000 0.990646 0.000000 0.136460 0.699522 0.699522 0.699522
6642.371582 0.000000 2421.987305 0.000000 0.570050 0.000000 -0.821610 0.708425 0.708425 0.708425
6646.850098 0.000000 2425.172363 0.000000 0.058085 0.000000 -0.998312 0.715861 0.715861 0.715861
6646.249023 0.000000 2432.158447 0.000000 0.110785 0.000000 0.993844 0.697449 0.697449 0.697449
6636.838867 0.000000 2483.861572 0.000000 0.996082 0.000000 0.088430 0.699072 0.699072 0.699072
6624.863281 0.000000 2472.274902 0.000000 0.582984 0.000000 0.812483 0.688398 0.688398 0.688398
6622.129395 0.000000 2523.649902 0.000000 0.153745 0.000000 0.988111 0.685148 0.685148 0.685148
6636.411621 0.000000 2531.780273 0.000000 0.433279 0.000000 -0.901260 0.715696 0.715696 0.715696
6626.290527 0.000000 2520.999756 0.000000 0.801687 0.000000 -0.597744 0.708957 0.708957 0.708957
6663.354980 0.000000 2396.746338 0.000000 0.210586 0.000000 -0.977575 0.709497 0.709497 0.709497
6659.445312 0.000000 2414.782959 0.000000 0.624746 0.000000 -0.780828 0.710961 0.710961 0.710961
6663.354492 0.000000 2401.605225 0.000000 0.802939 0.000000 -0.596062 0.708928 0.708928 0.708928
6676.153809 0.000000 2554.437012 0.000000 0.347076 0.000000 0.937837 0.697874 0.697874 0.697874
6657.163574 0.000000 2538.402100 0.000000 0.569651 0.000000 -0.821887 0.705058 0.705058 0.705058
6660.440918 0.000000 2533.422852 0.000000 0.878327 0.000000 -0.478059 0.705226 0.705226 0.705226
6665.549805 0.000000 2557.088623 0.000000 0.476172 0.000000 -0.879352 0.715022 0.715022 0.715022
6671.560547 0.000000 2557.531982 0.000000 0.864546 0.000000 0.502553 0.694479 0.694479 0.694479
6676.762207 0.000000 2559.729004 0.000000 0.996632 0.000000 -0.082007 0.700287 0.700287 0.700287
6671.780762 0.000000 2563.129639 0.000000 0.926589 0.000000 -0.376076 0.704043 0.704043 0.704043
"}
