object={
	name="tree_jungle_01_d_generator_1_0"
	render_pass=Map
	clamp_to_water_level=no
	generated_content=yes
	layer="tree_high_layer"
	pdxmesh="tree_jungle_01_d_mesh"
	count=67
	transform="2020.962646 0.000000 45.917629 0.000000 0.999712 0.000000 -0.024000 0.750045 0.750045 0.750045
2029.401245 0.000000 52.455265 0.000000 0.995691 0.000000 -0.092733 0.750695 0.750695 0.750695
2012.262085 0.000000 62.973320 0.000000 0.051671 0.000000 -0.998664 0.767066 0.767066 0.767066
2012.124878 0.000000 71.649094 0.000000 0.239727 0.000000 0.970840 0.735073 0.735073 0.735073
2017.547119 0.000000 84.896339 0.000000 0.933085 0.000000 -0.359657 0.752067 0.752067 0.752067
2025.299438 0.000000 80.396523 0.000000 0.645862 0.000000 0.763454 0.740241 0.740241 0.740241
2029.895630 0.000000 94.270760 0.000000 0.009448 0.000000 -0.999955 0.773388 0.773388 0.773388
2023.685669 0.000000 89.568092 0.000000 0.992617 0.000000 0.121293 0.747951 0.747951 0.747951
2013.262451 0.000000 65.708038 0.000000 0.932042 0.000000 -0.362350 0.756248 0.756248 0.756248
2018.852783 0.000000 89.593590 0.000000 0.535405 0.000000 0.844595 0.734934 0.734934 0.734934
2024.916626 0.000000 94.139069 0.000000 0.629679 0.000000 -0.776855 0.764992 0.764992 0.764992
2088.071533 0.000000 61.940636 0.000000 0.858222 0.000000 0.513278 0.744954 0.744954 0.744954
2108.301025 0.000000 60.720715 0.000000 0.719210 0.000000 0.694792 0.742809 0.742809 0.742809
2061.177734 0.000000 56.448032 0.000000 0.382416 0.000000 -0.923990 0.767651 0.767651 0.767651
2076.254395 0.000000 62.973320 0.000000 0.991296 0.000000 -0.131652 0.750989 0.750989 0.750989
2065.831299 0.000000 52.444187 0.000000 0.311788 0.000000 -0.950152 0.766432 0.766432 0.766432
2082.000977 0.000000 61.153023 0.000000 0.244356 0.000000 -0.969685 0.767353 0.767353 0.767353
2096.028320 0.000000 85.927689 0.000000 0.844139 0.000000 -0.536124 0.757416 0.757416 0.757416
2083.245850 0.000000 64.546875 0.000000 0.992596 0.000000 -0.121465 0.751824 0.751824 0.751824
2089.291748 0.000000 80.396523 0.000000 0.860814 0.000000 -0.508919 0.752999 0.752999 0.752999
2103.121826 0.000000 84.510658 0.000000 0.929341 0.000000 -0.369223 0.754957 0.754957 0.754957
2109.397461 0.000000 64.790909 0.000000 0.995818 0.000000 -0.091359 0.751028 0.751028 0.751028
2085.177246 0.000000 69.728493 0.000000 0.988803 0.000000 0.149227 0.748037 0.748037 0.748037
2094.322998 0.000000 81.315186 0.000000 0.233013 0.000000 -0.972474 0.770007 0.770007 0.770007
2160.020508 0.000000 85.927689 0.000000 0.987100 0.000000 0.160103 0.749097 0.749097 0.749097
2134.715820 0.000000 95.416229 0.000000 0.564070 0.000000 -0.825727 0.753638 0.753638 0.753638
2119.909424 0.000000 93.308792 0.000000 0.907065 0.000000 0.420990 0.745118 0.745118 0.745118
2127.948242 0.000000 90.571976 0.000000 0.273407 0.000000 -0.961898 0.762113 0.762113 0.762113
2125.169922 0.000000 120.432404 0.000000 0.122070 0.000000 0.992522 0.728304 0.728304 0.728304
2142.676025 0.000000 92.243767 0.000000 0.109628 0.000000 0.993973 0.730852 0.730852 0.730852
2167.114014 0.000000 84.510658 0.000000 0.878735 0.000000 0.477310 0.743478 0.743478 0.743478
2173.172119 0.000000 84.807983 0.000000 0.908729 0.000000 0.417388 0.745163 0.745163 0.745163
2128.114990 0.000000 126.125809 0.000000 0.825051 0.000000 -0.565058 0.756746 0.756746 0.756746
2290.088623 0.000000 60.392471 0.000000 0.997799 0.000000 -0.066316 0.750994 0.750994 0.750994
2224.012695 0.000000 85.927689 0.000000 0.857711 0.000000 0.514133 0.746967 0.746967 0.746967
2232.374756 0.000000 116.338516 0.000000 0.866458 0.000000 -0.499250 0.757830 0.757830 0.757830
2227.431396 0.000000 100.818771 0.000000 0.552407 0.000000 0.833575 0.746309 0.746309 0.746309
2234.145264 0.000000 77.509865 0.000000 0.164129 0.000000 -0.986439 0.765795 0.765795 0.765795
2236.285645 0.000000 124.705093 0.000000 0.128151 0.000000 0.991755 0.744599 0.744599 0.744599
2236.192139 0.000000 107.793823 0.000000 0.974115 0.000000 0.226052 0.746584 0.746584 0.746584
2221.623779 0.000000 107.284958 0.000000 0.875375 0.000000 0.483445 0.743387 0.743387 0.743387
2221.872314 0.000000 94.270760 0.000000 0.956581 0.000000 0.291466 0.745570 0.745570 0.745570
2231.106201 0.000000 84.510658 0.000000 0.288209 0.000000 -0.957568 0.766756 0.766756 0.766756
2229.253906 0.000000 94.207298 0.000000 0.074953 0.000000 0.997187 0.738797 0.738797 0.738797
2228.186035 0.000000 89.086891 0.000000 0.301465 0.000000 -0.953477 0.764207 0.764207 0.764207
2241.229004 0.000000 79.840820 0.000000 0.724882 0.000000 0.688873 0.744308 0.744308 0.744308
2241.702637 0.000000 106.995743 0.000000 0.732528 0.000000 0.680737 0.742990 0.742990 0.742990
2256.793213 0.000000 81.401947 0.000000 0.636567 0.000000 -0.771221 0.751649 0.751649 0.751649
2247.893799 0.000000 93.308792 0.000000 0.308403 0.000000 -0.951256 0.754708 0.754708 0.754708
2282.711914 0.000000 71.931023 0.000000 0.768982 0.000000 0.639270 0.744806 0.744806 0.744806
2249.402100 0.000000 74.229836 0.000000 0.968064 0.000000 -0.250702 0.753796 0.753796 0.753796
2251.099365 0.000000 101.792435 0.000000 0.978733 0.000000 0.205137 0.748839 0.748839 0.748839
2259.365479 0.000000 73.007980 0.000000 0.862693 0.000000 0.505727 0.745036 0.745036 0.745036
2248.528076 0.000000 84.312469 0.000000 0.968859 0.000000 -0.247614 0.751406 0.751406 0.751406
2299.391113 0.000000 70.361893 0.000000 0.999987 0.000000 -0.005125 0.750058 0.750058 0.750058
2242.044189 0.000000 73.446228 0.000000 0.400125 0.000000 -0.916461 0.763022 0.763022 0.763022
2244.979492 0.000000 102.016556 0.000000 0.940253 0.000000 -0.340476 0.755855 0.755855 0.755855
2251.584473 0.000000 79.412964 0.000000 0.651764 0.000000 0.758422 0.733881 0.733881 0.733881
2254.466309 0.000000 75.149445 0.000000 0.993759 0.000000 -0.111549 0.751674 0.751674 0.751674
2250.898438 0.000000 89.055534 0.000000 0.999055 0.000000 0.043464 0.749267 0.749267 0.749267
2246.551270 0.000000 78.887917 0.000000 0.855431 0.000000 0.517917 0.742864 0.742864 0.742864
2287.579834 0.000000 72.858612 0.000000 0.985646 0.000000 -0.168826 0.753176 0.753176 0.753176
2140.109375 0.000000 135.633469 0.000000 0.865909 0.000000 -0.500202 0.750981 0.750981 0.750981
2131.381104 0.000000 136.992355 0.000000 0.416781 0.000000 -0.909007 0.756409 0.756409 0.756409
2140.514893 0.000000 143.279541 0.000000 0.982420 0.000000 0.186682 0.747539 0.747539 0.747539
2313.394287 0.000000 74.229836 0.000000 0.793054 0.000000 0.609151 0.743868 0.743868 0.743868
2306.036377 0.000000 73.446228 0.000000 0.319905 0.000000 -0.947450 0.768652 0.768652 0.768652
"}
