object={
	name="tree_cypress_01_generator_1_0"
	clamp_to_water_level=no
	render_under_water=no
	generated_content=yes
	layer="tree_high_layer"
	pdxmesh="tree_cypress_01_a_mesh"
	count=215
	transform="4559.886719 0.000000 1005.123718 0.000000 0.128383 0.000000 0.991725 1.000000 1.000000 1.000000
4570.415527 0.000000 1001.571106 0.000000 0.966006 0.000000 0.258521 1.000000 1.000000 1.000000
4593.807617 0.000000 1020.158081 0.000000 0.697707 0.000000 0.716384 1.000000 1.000000 1.000000
4567.116699 0.000000 1010.181213 0.000000 0.193232 0.000000 0.981153 1.000000 1.000000 1.000000
4543.547852 0.000000 1020.837219 0.000000 0.467086 0.000000 0.884212 1.000000 1.000000 1.000000
4599.100098 0.000000 1017.516113 0.000000 0.860948 0.000000 0.508693 1.000000 1.000000 1.000000
4568.853027 0.000000 996.496277 0.000000 0.129203 0.000000 0.991618 1.000000 1.000000 1.000000
4581.429688 0.000000 1017.190491 0.000000 0.525633 0.000000 0.850711 1.000000 1.000000 1.000000
4576.532227 0.000000 992.025024 0.000000 0.455881 0.000000 0.890041 1.000000 1.000000 1.000000
4555.046387 0.000000 1001.346497 0.000000 0.969174 0.000000 0.246378 1.000000 1.000000 1.000000
4546.931152 0.000000 1021.067261 0.000000 0.683640 0.000000 0.729819 1.000000 1.000000 1.000000
4557.473633 0.000000 1003.146912 0.000000 0.883876 0.000000 0.467722 1.000000 1.000000 1.000000
4657.799805 0.000000 956.173706 0.000000 0.074033 0.000000 0.997256 1.000000 1.000000 1.000000
4644.642578 0.000000 1005.683228 0.000000 0.142758 0.000000 0.989758 1.000000 1.000000 1.000000
4666.707520 0.000000 986.358643 0.000000 0.759762 0.000000 0.650201 1.000000 1.000000 1.000000
4615.999023 0.000000 1009.633850 0.000000 0.999979 0.000000 0.006479 1.000000 1.000000 1.000000
4615.694824 0.000000 1003.258118 0.000000 0.256631 0.000000 0.966509 1.000000 1.000000 1.000000
4625.519043 0.000000 1012.209839 0.000000 0.678119 0.000000 0.734952 1.000000 1.000000 1.000000
4641.105469 0.000000 1000.634216 0.000000 0.548657 0.000000 0.836048 1.000000 1.000000 1.000000
4612.690918 0.000000 997.797791 0.000000 0.769649 0.000000 0.638468 1.000000 1.000000 1.000000
4612.349609 0.000000 1013.186462 0.000000 0.930054 0.000000 0.367424 1.000000 1.000000 1.000000
4621.421387 0.000000 1009.425110 0.000000 0.222549 0.000000 0.974921 1.000000 1.000000 1.000000
4633.690918 0.000000 1006.151062 0.000000 0.752765 0.000000 0.658289 1.000000 1.000000 1.000000
4638.164551 0.000000 1003.959656 0.000000 0.837834 0.000000 0.545926 1.000000 1.000000 1.000000
4658.657227 0.000000 963.214844 0.000000 0.587596 0.000000 0.809154 1.000000 1.000000 1.000000
4694.403809 0.000000 991.197510 0.000000 0.483582 0.000000 0.875299 1.000000 1.000000 1.000000
4708.634766 0.000000 1005.683228 0.000000 0.939433 0.000000 0.342732 1.000000 1.000000 1.000000
4688.496582 0.000000 977.183228 0.000000 0.956434 0.000000 0.291950 1.000000 1.000000 1.000000
4687.871094 0.000000 1005.123718 0.000000 0.970472 0.000000 0.241212 1.000000 1.000000 1.000000
4698.399902 0.000000 1001.571106 0.000000 0.698486 0.000000 0.715624 1.000000 1.000000 1.000000
4696.445312 0.000000 982.097778 0.000000 0.876769 0.000000 0.480911 1.000000 1.000000 1.000000
4712.971680 0.000000 976.177795 0.000000 0.566322 0.000000 0.824184 1.000000 1.000000 1.000000
4711.357910 0.000000 985.349365 0.000000 0.971668 0.000000 0.236348 1.000000 1.000000 1.000000
4700.202637 0.000000 975.076416 0.000000 0.980869 0.000000 0.194670 1.000000 1.000000 1.000000
4711.277344 0.000000 999.204773 0.000000 0.996812 0.000000 0.079784 1.000000 1.000000 1.000000
4698.998535 0.000000 992.015930 0.000000 0.315581 0.000000 0.948898 1.000000 1.000000 1.000000
4711.665039 0.000000 971.800598 0.000000 0.104419 0.000000 0.994533 1.000000 1.000000 1.000000
4712.789062 0.000000 1003.289307 0.000000 0.524068 0.000000 0.851676 1.000000 1.000000 1.000000
4683.488770 0.000000 1005.419617 0.000000 0.975148 0.000000 0.221556 1.000000 1.000000 1.000000
4704.516602 0.000000 992.025024 0.000000 0.746899 0.000000 0.664937 1.000000 1.000000 1.000000
4675.846680 0.000000 992.782715 0.000000 0.726009 0.000000 0.687685 1.000000 1.000000 1.000000
4698.758789 0.000000 971.658264 0.000000 0.941375 0.000000 0.337363 1.000000 1.000000 1.000000
4679.867676 0.000000 999.691223 0.000000 0.873533 0.000000 0.486765 1.000000 1.000000 1.000000
4736.924316 0.000000 975.622070 0.000000 0.031222 0.000000 0.999512 1.000000 1.000000 1.000000
4740.983887 0.000000 1018.321655 0.000000 0.978184 0.000000 0.207739 1.000000 1.000000 1.000000
4751.863281 0.000000 1005.123718 0.000000 0.988769 0.000000 0.149452 1.000000 1.000000 1.000000
4794.691895 0.000000 986.358643 0.000000 0.032072 0.000000 0.999486 1.000000 1.000000 1.000000
4745.097656 0.000000 970.011108 0.000000 0.106746 0.000000 0.994286 1.000000 1.000000 1.000000
4795.973145 0.000000 1020.486328 0.000000 0.577109 0.000000 0.816667 1.000000 1.000000 1.000000
4760.437500 0.000000 982.097778 0.000000 0.642542 0.000000 0.766251 1.000000 1.000000 1.000000
4748.850098 0.000000 1016.213684 0.000000 0.439203 0.000000 0.898388 1.000000 1.000000 1.000000
4788.941895 0.000000 989.988525 0.000000 0.856177 0.000000 0.516683 1.000000 1.000000 1.000000
4758.149902 0.000000 974.085327 0.000000 0.731633 0.000000 0.681699 1.000000 1.000000 1.000000
4796.852051 0.000000 980.589233 0.000000 0.865541 0.000000 0.500837 1.000000 1.000000 1.000000
4753.503418 0.000000 1012.209839 0.000000 0.812945 0.000000 0.582341 1.000000 1.000000 1.000000
4797.589355 0.000000 1010.851807 0.000000 0.368857 0.000000 0.929486 1.000000 1.000000 1.000000
4791.076660 0.000000 1017.516113 0.000000 0.252421 0.000000 0.967617 1.000000 1.000000 1.000000
4787.874023 0.000000 984.868164 0.000000 0.572685 0.000000 0.819776 1.000000 1.000000 1.000000
4798.781250 0.000000 1015.835449 0.000000 0.602916 0.000000 0.797804 1.000000 1.000000 1.000000
4749.020508 0.000000 980.549133 0.000000 0.729797 0.000000 0.683664 1.000000 1.000000 1.000000
4799.011230 0.000000 1006.616028 0.000000 0.290336 0.000000 0.956925 1.000000 1.000000 1.000000
4760.707520 0.000000 977.718018 0.000000 0.989805 0.000000 0.142431 1.000000 1.000000 1.000000
4794.606445 0.000000 1015.326843 0.000000 0.999774 0.000000 0.021236 1.000000 1.000000 1.000000
4791.199707 0.000000 995.057007 0.000000 0.736343 0.000000 0.676608 1.000000 1.000000 1.000000
4747.022949 0.000000 1001.346497 0.000000 0.923828 0.000000 0.382808 1.000000 1.000000 1.000000
4751.204590 0.000000 996.664062 0.000000 0.323676 0.000000 0.946168 1.000000 1.000000 1.000000
4740.690918 0.000000 1001.439819 0.000000 0.064096 0.000000 0.997944 1.000000 1.000000 1.000000
4792.941895 0.000000 1022.100098 0.000000 0.075388 0.000000 0.997154 1.000000 1.000000 1.000000
4790.181152 0.000000 1008.290405 0.000000 0.594000 0.000000 0.804465 1.000000 1.000000 1.000000
4793.977051 0.000000 1018.193726 0.000000 0.319241 0.000000 0.947673 1.000000 1.000000 1.000000
4796.645020 0.000000 1017.554749 0.000000 0.997763 0.000000 0.066858 1.000000 1.000000 1.000000
4856.054688 0.000000 1012.119751 0.000000 0.470969 0.000000 0.882150 1.000000 1.000000 1.000000
4836.619141 0.000000 1005.683228 0.000000 0.446275 0.000000 0.894896 1.000000 1.000000 1.000000
4799.645020 0.000000 984.644165 0.000000 0.999951 0.000000 0.009897 1.000000 1.000000 1.000000
4845.303711 0.000000 1003.066223 0.000000 0.675790 0.000000 0.737094 1.000000 1.000000 1.000000
4830.113281 0.000000 1008.432739 0.000000 0.594221 0.000000 0.804302 1.000000 1.000000 1.000000
4839.261719 0.000000 999.204773 0.000000 0.599943 0.000000 0.800043 1.000000 1.000000 1.000000
4799.516602 0.000000 1020.837219 0.000000 0.192309 0.000000 0.981334 1.000000 1.000000 1.000000
4833.082031 0.000000 1000.634216 0.000000 0.236532 0.000000 0.971624 1.000000 1.000000 1.000000
4804.667480 0.000000 997.797791 0.000000 0.258921 0.000000 0.965899 1.000000 1.000000 1.000000
4855.068848 0.000000 1017.516113 0.000000 0.070539 0.000000 0.997509 1.000000 1.000000 1.000000
4825.604004 0.000000 987.604980 0.000000 0.994144 0.000000 0.108063 1.000000 1.000000 1.000000
4836.696777 0.000000 1002.044861 0.000000 0.876512 0.000000 0.481381 1.000000 1.000000 1.000000
4337.838867 0.000000 1148.126831 0.000000 0.377824 0.000000 0.925878 1.000000 1.000000 1.000000
4345.146484 0.000000 1135.429321 0.000000 0.974483 0.000000 0.224463 1.000000 1.000000 1.000000
4304.543457 0.000000 1169.136353 0.000000 0.555961 0.000000 0.831208 1.000000 1.000000 1.000000
4297.152344 0.000000 1161.964233 0.000000 0.842452 0.000000 0.538771 1.000000 1.000000 1.000000
4307.102051 0.000000 1189.937988 0.000000 0.609607 0.000000 0.792704 1.000000 1.000000 1.000000
4310.204590 0.000000 1166.038452 0.000000 0.656371 0.000000 0.754438 1.000000 1.000000 1.000000
4294.301758 0.000000 1166.622314 0.000000 0.977200 0.000000 0.212321 1.000000 1.000000 1.000000
4307.353027 0.000000 1173.197632 0.000000 0.598047 0.000000 0.801461 1.000000 1.000000 1.000000
4312.762207 0.000000 1169.671143 0.000000 0.094088 0.000000 0.995564 1.000000 1.000000 1.000000
4310.464844 0.000000 1171.756348 0.000000 0.999975 0.000000 0.007116 1.000000 1.000000 1.000000
4296.618164 0.000000 1164.810669 0.000000 0.454161 0.000000 0.890919 1.000000 1.000000 1.000000
4412.898926 0.000000 1108.557983 0.000000 0.869302 0.000000 0.494281 1.000000 1.000000 1.000000
4425.823242 0.000000 1149.432251 0.000000 0.732986 0.000000 0.680243 1.000000 1.000000 1.000000
4529.212402 0.000000 1037.231689 0.000000 0.113002 0.000000 0.993595 1.000000 1.000000 1.000000
4492.881348 0.000000 1080.197998 0.000000 0.655254 0.000000 0.755409 1.000000 1.000000 1.000000
4539.118164 0.000000 1030.127563 0.000000 0.487017 0.000000 0.873392 1.000000 1.000000 1.000000
4513.121094 0.000000 1064.618530 0.000000 0.771394 0.000000 0.636358 1.000000 1.000000 1.000000
4526.026367 0.000000 1041.080811 0.000000 0.389802 0.000000 0.920899 1.000000 1.000000 1.000000
4524.086914 0.000000 1036.408569 0.000000 0.876319 0.000000 0.481731 1.000000 1.000000 1.000000
4520.812500 0.000000 1067.273682 0.000000 0.999485 0.000000 0.032085 1.000000 1.000000 1.000000
4545.421387 0.000000 1066.761353 0.000000 0.995898 0.000000 0.090481 1.000000 1.000000 1.000000
4565.020020 0.000000 1024.104004 0.000000 0.972849 0.000000 0.231439 1.000000 1.000000 1.000000
4548.698730 0.000000 1061.782227 0.000000 0.014519 0.000000 0.999895 1.000000 1.000000 1.000000
4580.873047 0.000000 1029.494141 0.000000 0.827236 0.000000 0.561854 1.000000 1.000000 1.000000
4576.140625 0.000000 1029.795166 0.000000 0.066521 0.000000 0.997785 1.000000 1.000000 1.000000
4551.883301 0.000000 1063.675537 0.000000 0.032159 0.000000 0.999483 1.000000 1.000000 1.000000
4481.429199 0.000000 1130.745728 0.000000 0.982532 0.000000 0.186093 1.000000 1.000000 1.000000
4516.801758 0.000000 1120.864746 0.000000 0.862832 0.000000 0.505490 1.000000 1.000000 1.000000
4538.723145 0.000000 1114.327393 0.000000 0.962495 0.000000 0.271300 1.000000 1.000000 1.000000
4525.591309 0.000000 1118.020752 0.000000 0.969288 0.000000 0.245928 1.000000 1.000000 1.000000
4540.723633 0.000000 1123.886230 0.000000 0.741470 0.000000 0.670986 1.000000 1.000000 1.000000
4510.152344 0.000000 1136.401489 0.000000 0.740351 0.000000 0.672221 1.000000 1.000000 1.000000
4519.300781 0.000000 1127.173462 0.000000 0.718515 0.000000 0.695511 1.000000 1.000000 1.000000
4532.973145 0.000000 1117.957275 0.000000 0.999654 0.000000 0.026306 1.000000 1.000000 1.000000
4513.121094 0.000000 1128.602905 0.000000 0.930234 0.000000 0.366967 1.000000 1.000000 1.000000
4481.798340 0.000000 1108.312744 0.000000 0.902176 0.000000 0.431369 1.000000 1.000000 1.000000
4492.059570 0.000000 1117.368164 0.000000 0.984213 0.000000 0.176989 1.000000 1.000000 1.000000
4515.467285 0.000000 1124.875122 0.000000 0.501666 0.000000 0.865062 1.000000 1.000000 1.000000
4499.001953 0.000000 1121.861450 0.000000 0.294112 0.000000 0.955771 1.000000 1.000000 1.000000
4529.152832 0.000000 1116.118042 0.000000 0.761403 0.000000 0.648279 1.000000 1.000000 1.000000
4479.574219 0.000000 1100.221924 0.000000 0.901981 0.000000 0.431777 1.000000 1.000000 1.000000
4564.411621 0.000000 1146.780640 0.000000 0.349350 0.000000 0.936992 1.000000 1.000000 1.000000
4580.650391 0.000000 1133.651978 0.000000 0.345621 0.000000 0.938374 1.000000 1.000000 1.000000
4560.512207 0.000000 1105.151978 0.000000 0.482825 0.000000 0.875717 1.000000 1.000000 1.000000
4559.886719 0.000000 1133.092407 0.000000 0.546003 0.000000 0.837783 1.000000 1.000000 1.000000
4589.088867 0.000000 1140.189697 0.000000 0.618807 0.000000 0.785543 1.000000 1.000000 1.000000
4554.818359 0.000000 1125.542480 0.000000 0.475588 0.000000 0.879668 1.000000 1.000000 1.000000
4544.159668 0.000000 1121.900024 0.000000 0.997821 0.000000 0.065977 1.000000 1.000000 1.000000
4567.116699 0.000000 1138.149902 0.000000 0.984998 0.000000 0.172563 1.000000 1.000000 1.000000
4589.334961 0.000000 1131.034912 0.000000 0.988419 0.000000 0.151747 1.000000 1.000000 1.000000
4559.028809 0.000000 1120.683228 0.000000 0.893633 0.000000 0.448799 1.000000 1.000000 1.000000
4548.698730 0.000000 1125.766602 0.000000 0.518369 0.000000 0.855157 1.000000 1.000000 1.000000
4586.054199 0.000000 1135.569214 0.000000 0.242564 0.000000 0.970136 1.000000 1.000000 1.000000
4581.429688 0.000000 1145.159180 0.000000 0.463244 0.000000 0.886231 1.000000 1.000000 1.000000
4551.612305 0.000000 1121.917725 0.000000 0.862017 0.000000 0.506879 1.000000 1.000000 1.000000
4569.698730 0.000000 1134.119751 0.000000 0.741058 0.000000 0.671441 1.000000 1.000000 1.000000
4556.051758 0.000000 1117.368164 0.000000 0.956341 0.000000 0.292254 1.000000 1.000000 1.000000
4555.229004 0.000000 1120.901855 0.000000 0.082714 0.000000 0.996573 1.000000 1.000000 1.000000
4566.528320 0.000000 1135.208008 0.000000 0.696608 0.000000 0.717452 1.000000 1.000000 1.000000
4361.144531 0.000000 1161.964233 0.000000 0.748808 0.000000 0.662787 1.000000 1.000000 1.000000
4352.183105 0.000000 1185.884399 0.000000 0.967461 0.000000 0.253019 1.000000 1.000000 1.000000
4371.107910 0.000000 1160.742310 0.000000 0.614377 0.000000 0.789013 1.000000 1.000000 1.000000
4356.722168 0.000000 1189.750977 0.000000 0.973604 0.000000 0.228245 1.000000 1.000000 1.000000
4366.208496 0.000000 1162.883789 0.000000 0.104679 0.000000 0.994506 1.000000 1.000000 1.000000
4359.635742 0.000000 1185.902100 0.000000 0.061683 0.000000 0.998096 1.000000 1.000000 1.000000
4513.121094 0.000000 1192.587280 0.000000 0.984533 0.000000 0.175197 1.000000 1.000000 1.000000
4515.467285 0.000000 1188.859497 0.000000 0.994834 0.000000 0.101519 1.000000 1.000000 1.000000
4543.818359 0.000000 1155.011841 0.000000 0.963359 0.000000 0.268215 1.000000 1.000000 1.000000
4547.614746 0.000000 1152.972412 0.000000 0.995926 0.000000 0.090170 1.000000 1.000000 1.000000
4668.867676 0.000000 1044.573608 0.000000 0.941644 0.000000 0.336611 1.000000 1.000000 1.000000
4672.932129 0.000000 1039.606445 0.000000 0.299427 0.000000 0.954119 1.000000 1.000000 1.000000
4705.219238 0.000000 1044.661987 0.000000 0.314338 0.000000 0.949311 1.000000 1.000000 1.000000
4729.840820 0.000000 1037.275513 0.000000 0.573487 0.000000 0.819214 1.000000 1.000000 1.000000
4671.660645 0.000000 1048.628540 0.000000 0.779540 0.000000 0.626353 1.000000 1.000000 1.000000
4699.934570 0.000000 1086.723267 0.000000 0.999422 0.000000 0.033983 1.000000 1.000000 1.000000
4725.542480 0.000000 1039.531006 0.000000 0.959695 0.000000 0.281043 1.000000 1.000000 1.000000
4634.407715 0.000000 1129.539917 0.000000 0.686685 0.000000 0.726955 1.000000 1.000000 1.000000
4615.999023 0.000000 1137.602539 0.000000 0.989335 0.000000 0.145659 1.000000 1.000000 1.000000
4627.076660 0.000000 1096.757935 0.000000 0.254085 0.000000 0.967182 1.000000 1.000000 1.000000
4648.979492 0.000000 1104.146484 0.000000 0.962841 0.000000 0.270070 1.000000 1.000000 1.000000
4660.322266 0.000000 1095.037598 0.000000 0.782306 0.000000 0.622895 1.000000 1.000000 1.000000
4660.957520 0.000000 1117.957275 0.000000 0.400341 0.000000 0.916366 1.000000 1.000000 1.000000
4615.694824 0.000000 1131.226807 0.000000 0.851284 0.000000 0.524706 1.000000 1.000000 1.000000
4611.695312 0.000000 1135.095459 0.000000 0.715897 0.000000 0.698206 1.000000 1.000000 1.000000
4632.723145 0.000000 1105.686768 0.000000 0.988736 0.000000 0.149669 1.000000 1.000000 1.000000
4672.932129 0.000000 1103.590820 0.000000 0.214886 0.000000 0.976639 1.000000 1.000000 1.000000
4714.415527 0.000000 1095.681030 0.000000 0.269955 0.000000 0.962873 1.000000 1.000000 1.000000
4705.219238 0.000000 1108.646362 0.000000 0.978710 0.000000 0.205249 1.000000 1.000000 1.000000
4681.105469 0.000000 1097.979858 0.000000 0.332274 0.000000 0.943183 1.000000 1.000000 1.000000
4691.068848 0.000000 1096.757935 0.000000 0.435190 0.000000 0.900339 1.000000 1.000000 1.000000
4721.188965 0.000000 1101.216064 0.000000 0.798727 0.000000 0.601693 1.000000 1.000000 1.000000
4702.363770 0.000000 1115.993774 0.000000 0.471539 0.000000 0.881845 1.000000 1.000000 1.000000
4711.357910 0.000000 1113.318115 0.000000 0.769536 0.000000 0.638603 1.000000 1.000000 1.000000
4673.747559 0.000000 1097.196167 0.000000 0.708833 0.000000 0.705377 1.000000 1.000000 1.000000
4700.934570 0.000000 1089.458008 0.000000 0.473306 0.000000 0.880898 1.000000 1.000000 1.000000
4712.865234 0.000000 1089.805542 0.000000 0.163842 0.000000 0.986487 1.000000 1.000000 1.000000
4708.857422 0.000000 1093.478516 0.000000 0.224103 0.000000 0.974566 1.000000 1.000000 1.000000
4719.283203 0.000000 1096.608643 0.000000 0.303291 0.000000 0.952898 1.000000 1.000000 1.000000
4706.524902 0.000000 1113.343628 0.000000 0.980875 0.000000 0.194636 1.000000 1.000000 1.000000
4709.916504 0.000000 1108.407959 0.000000 0.921836 0.000000 0.387581 1.000000 1.000000 1.000000
4736.924316 0.000000 1039.606445 0.000000 0.013591 0.000000 0.999908 1.000000 1.000000 1.000000
4790.475586 0.000000 1024.502197 0.000000 0.644965 0.000000 0.764212 1.000000 1.000000 1.000000
4746.803711 0.000000 1024.536865 0.000000 0.478417 0.000000 0.878133 1.000000 1.000000 1.000000
4772.770508 0.000000 1056.880371 0.000000 0.059537 0.000000 0.998226 1.000000 1.000000 1.000000
4766.138184 0.000000 1059.558716 0.000000 0.823238 0.000000 0.567697 1.000000 1.000000 1.000000
4788.306641 0.000000 1031.053223 0.000000 0.586812 0.000000 0.809723 1.000000 1.000000 1.000000
4770.517090 0.000000 1049.359253 0.000000 0.827639 0.000000 0.561261 1.000000 1.000000 1.000000
4764.992188 0.000000 1047.383179 0.000000 0.998483 0.000000 0.055067 1.000000 1.000000 1.000000
4776.581055 0.000000 1053.904663 0.000000 0.476955 0.000000 0.878928 1.000000 1.000000 1.000000
4783.596191 0.000000 1063.198730 0.000000 0.290439 0.000000 0.956893 1.000000 1.000000 1.000000
4791.327148 0.000000 1028.304321 0.000000 0.998424 0.000000 0.056119 1.000000 1.000000 1.000000
4779.224121 0.000000 1063.828613 0.000000 0.331465 0.000000 0.943467 1.000000 1.000000 1.000000
4756.202637 0.000000 1041.593506 0.000000 0.275783 0.000000 0.961220 1.000000 1.000000 1.000000
4791.929688 0.000000 1031.943359 0.000000 0.308139 0.000000 0.951341 1.000000 1.000000 1.000000
4793.799805 0.000000 1025.718384 0.000000 0.209581 0.000000 0.977791 1.000000 1.000000 1.000000
4783.943848 0.000000 1059.590210 0.000000 0.997892 0.000000 0.064903 1.000000 1.000000 1.000000
4858.684082 0.000000 1050.343018 0.000000 0.916263 0.000000 0.400578 1.000000 1.000000 1.000000
4849.173340 0.000000 1037.231689 0.000000 0.280639 0.000000 0.959813 1.000000 1.000000 1.000000
4834.937012 0.000000 1034.894897 0.000000 0.749349 0.000000 0.662176 1.000000 1.000000 1.000000
4828.187012 0.000000 1039.060791 0.000000 0.678536 0.000000 0.734567 1.000000 1.000000 1.000000
4804.775391 0.000000 1048.076416 0.000000 0.819004 0.000000 0.573788 1.000000 1.000000 1.000000
4810.586426 0.000000 1048.821167 0.000000 0.987629 0.000000 0.156810 1.000000 1.000000 1.000000
4845.987305 0.000000 1041.080811 0.000000 0.611212 0.000000 0.791467 1.000000 1.000000 1.000000
4844.047852 0.000000 1036.408569 0.000000 0.910449 0.000000 0.413621 1.000000 1.000000 1.000000
4886.380371 0.000000 1055.181885 0.000000 0.505579 0.000000 0.862780 1.000000 1.000000 1.000000
4874.788086 0.000000 1024.536865 0.000000 0.571506 0.000000 0.820598 1.000000 1.000000 1.000000
4871.573730 0.000000 1053.074463 0.000000 0.961220 0.000000 0.275784 1.000000 1.000000 1.000000
4890.376465 0.000000 1065.555542 0.000000 0.939045 0.000000 0.343795 1.000000 1.000000 1.000000
4879.999512 0.000000 1027.504761 0.000000 0.212466 0.000000 0.977169 1.000000 1.000000 1.000000
4874.578613 0.000000 1048.821167 0.000000 0.892399 0.000000 0.451247 1.000000 1.000000 1.000000
4899.695801 0.000000 1040.300049 0.000000 0.686113 0.000000 0.727495 1.000000 1.000000 1.000000
4875.509766 0.000000 1029.356323 0.000000 0.941124 0.000000 0.338062 1.000000 1.000000 1.000000
"}
object={
	name="tree_cypress_01_generator_1_1"
	clamp_to_water_level=no
	render_under_water=no
	generated_content=yes
	layer="tree_high_layer"
	pdxmesh="tree_cypress_01_b_mesh"
	count=123
	transform="4540.004395 0.000000 1020.486328 0.000000 0.901566 0.000000 -0.432641 1.000000 1.000000 1.000000
4564.411621 0.000000 1018.811890 0.000000 0.787110 0.000000 -0.616812 1.000000 1.000000 1.000000
4600.085938 0.000000 1012.119751 0.000000 0.787535 0.000000 -0.616270 1.000000 1.000000 1.000000
4583.767090 0.000000 1021.706238 0.000000 0.934527 0.000000 -0.355893 1.000000 1.000000 1.000000
4580.793945 0.000000 992.896057 0.000000 0.754976 0.000000 -0.655752 1.000000 1.000000 1.000000
4574.760254 0.000000 1015.699402 0.000000 0.856838 0.000000 -0.515586 1.000000 1.000000 1.000000
4556.873535 0.000000 1016.213684 0.000000 0.998896 0.000000 -0.046984 1.000000 1.000000 1.000000
4574.161621 0.000000 995.574402 0.000000 0.897582 0.000000 -0.440849 1.000000 1.000000 1.000000
4588.392578 0.000000 1017.987366 0.000000 0.896506 0.000000 -0.443031 1.000000 1.000000 1.000000
4577.696777 0.000000 1020.918640 0.000000 0.710268 0.000000 -0.703931 1.000000 1.000000 1.000000
4559.818359 0.000000 1021.907043 0.000000 0.890374 0.000000 -0.455230 1.000000 1.000000 1.000000
4549.023438 0.000000 1023.703308 0.000000 0.903465 0.000000 -0.428662 1.000000 1.000000 1.000000
4558.814453 0.000000 1000.425537 0.000000 0.999303 0.000000 -0.037340 1.000000 1.000000 1.000000
4569.698730 0.000000 1006.151062 0.000000 0.794676 0.000000 -0.607034 1.000000 1.000000 1.000000
4565.216309 0.000000 1014.111755 0.000000 0.778349 0.000000 -0.627831 1.000000 1.000000 1.000000
4560.822266 0.000000 1017.081787 0.000000 0.635781 0.000000 -0.771870 1.000000 1.000000 1.000000
4552.351562 0.000000 1018.412354 0.000000 0.822888 0.000000 -0.568204 1.000000 1.000000 1.000000
4631.108887 0.000000 1010.181213 0.000000 0.730052 0.000000 -0.683392 1.000000 1.000000 1.000000
4620.865723 0.000000 1016.213684 0.000000 0.654337 0.000000 -0.756203 1.000000 1.000000 1.000000
4629.502930 0.000000 1004.388367 0.000000 0.870577 0.000000 -0.492032 1.000000 1.000000 1.000000
4611.695312 0.000000 1007.126709 0.000000 0.986414 0.000000 -0.164281 1.000000 1.000000 1.000000
4627.211426 0.000000 1008.103516 0.000000 0.840780 0.000000 -0.541376 1.000000 1.000000 1.000000
4719.708496 0.000000 981.708923 0.000000 0.979188 0.000000 -0.202956 1.000000 1.000000 1.000000
4682.802734 0.000000 997.573669 0.000000 0.967770 0.000000 -0.251834 1.000000 1.000000 1.000000
4702.363770 0.000000 988.025024 0.000000 0.922142 0.000000 -0.386853 1.000000 1.000000 1.000000
4706.952637 0.000000 970.910522 0.000000 0.763256 0.000000 -0.646096 1.000000 1.000000 1.000000
4702.145996 0.000000 995.574402 0.000000 0.998301 0.000000 -0.058262 1.000000 1.000000 1.000000
4679.687012 0.000000 1003.258118 0.000000 0.880252 0.000000 -0.474507 1.000000 1.000000 1.000000
4694.157715 0.000000 974.085327 0.000000 0.930844 0.000000 -0.365417 1.000000 1.000000 1.000000
4705.097656 0.000000 1000.634216 0.000000 0.785421 0.000000 -0.618961 1.000000 1.000000 1.000000
4676.683105 0.000000 997.797791 0.000000 0.651173 0.000000 -0.758929 1.000000 1.000000 1.000000
4733.597168 0.000000 1010.851807 0.000000 0.866386 0.000000 -0.499376 1.000000 1.000000 1.000000
4696.837402 0.000000 996.496277 0.000000 0.976744 0.000000 -0.214407 1.000000 1.000000 1.000000
4714.637695 0.000000 981.545349 0.000000 0.805285 0.000000 -0.592889 1.000000 1.000000 1.000000
4695.719238 0.000000 969.689209 0.000000 0.995586 0.000000 -0.093857 1.000000 1.000000 1.000000
4690.182617 0.000000 1002.124268 0.000000 0.964794 0.000000 -0.263008 1.000000 1.000000 1.000000
4737.397949 0.000000 1002.776978 0.000000 0.829840 0.000000 -0.558001 1.000000 1.000000 1.000000
4746.794922 0.000000 997.573669 0.000000 0.877655 0.000000 -0.479293 1.000000 1.000000 1.000000
4751.627930 0.000000 986.353210 0.000000 0.982070 0.000000 -0.188519 1.000000 1.000000 1.000000
4735.923340 0.000000 1010.882202 0.000000 0.932926 0.000000 -0.360068 1.000000 1.000000 1.000000
4790.793945 0.000000 980.291931 0.000000 0.629744 0.000000 -0.776802 1.000000 1.000000 1.000000
4743.679199 0.000000 1003.258118 0.000000 0.674855 0.000000 -0.737950 1.000000 1.000000 1.000000
4792.116211 0.000000 999.361877 0.000000 0.933341 0.000000 -0.358991 1.000000 1.000000 1.000000
4747.280273 0.000000 975.194214 0.000000 0.993689 0.000000 -0.112175 1.000000 1.000000 1.000000
4756.924805 0.000000 986.029724 0.000000 0.816545 0.000000 -0.577282 1.000000 1.000000 1.000000
4742.247070 0.000000 974.669189 0.000000 0.999965 0.000000 -0.008404 1.000000 1.000000 1.000000
4740.333984 0.000000 1013.186462 0.000000 0.999693 0.000000 -0.024776 1.000000 1.000000 1.000000
4739.679688 0.000000 1007.126709 0.000000 0.631408 0.000000 -0.775450 1.000000 1.000000 1.000000
4755.195801 0.000000 1008.103516 0.000000 0.588231 0.000000 -0.808693 1.000000 1.000000 1.000000
4747.480957 0.000000 1005.419617 0.000000 0.930774 0.000000 -0.365596 1.000000 1.000000 1.000000
4795.220215 0.000000 1022.931030 0.000000 0.807371 0.000000 -0.590044 1.000000 1.000000 1.000000
4822.388184 0.000000 991.197510 0.000000 0.995122 0.000000 -0.098651 1.000000 1.000000 1.000000
4830.348145 0.000000 988.025024 0.000000 0.806776 0.000000 -0.590857 1.000000 1.000000 1.000000
4800.714355 0.000000 1016.311584 0.000000 0.718961 0.000000 -0.695050 1.000000 1.000000 1.000000
4803.831055 0.000000 992.782715 0.000000 0.998487 0.000000 -0.054985 1.000000 1.000000 1.000000
4341.846680 0.000000 1142.509399 0.000000 0.964902 0.000000 -0.262611 1.000000 1.000000 1.000000
4307.025391 0.000000 1185.845825 0.000000 0.822401 0.000000 -0.568908 1.000000 1.000000 1.000000
4409.879883 0.000000 1101.259888 0.000000 0.987568 0.000000 -0.157191 1.000000 1.000000 1.000000
4414.828125 0.000000 1143.804199 0.000000 0.926329 0.000000 -0.376715 1.000000 1.000000 1.000000
4416.963379 0.000000 1103.590820 0.000000 0.641829 0.000000 -0.766848 1.000000 1.000000 1.000000
4473.872070 0.000000 1101.259888 0.000000 0.963077 0.000000 -0.269225 1.000000 1.000000 1.000000
4420.949707 0.000000 1106.056763 0.000000 0.760303 0.000000 -0.649569 1.000000 1.000000 1.000000
4531.150391 0.000000 1060.584351 0.000000 0.882451 0.000000 -0.470405 1.000000 1.000000 1.000000
4485.015137 0.000000 1082.306030 0.000000 0.690682 0.000000 -0.723159 1.000000 1.000000 1.000000
4532.337891 0.000000 1031.053223 0.000000 0.850173 0.000000 -0.526504 1.000000 1.000000 1.000000
4519.300781 0.000000 1063.189087 0.000000 0.602828 0.000000 -0.797871 1.000000 1.000000 1.000000
4531.324219 0.000000 1065.456421 0.000000 0.935256 0.000000 -0.353973 1.000000 1.000000 1.000000
4510.180176 0.000000 1067.944092 0.000000 0.763948 0.000000 -0.645278 1.000000 1.000000 1.000000
4480.955566 0.000000 1103.590820 0.000000 0.879970 0.000000 -0.475029 1.000000 1.000000 1.000000
4516.658203 0.000000 1133.651978 0.000000 0.759949 0.000000 -0.649983 1.000000 1.000000 1.000000
4499.078613 0.000000 1125.953613 0.000000 0.918724 0.000000 -0.394899 1.000000 1.000000 1.000000
4529.354980 0.000000 1120.420288 0.000000 0.879709 0.000000 -0.475513 1.000000 1.000000 1.000000
4545.421387 0.000000 1130.745728 0.000000 0.712955 0.000000 -0.701210 1.000000 1.000000 1.000000
4549.007324 0.000000 1146.290405 0.000000 0.972674 0.000000 -0.232173 1.000000 1.000000 1.000000
4583.767090 0.000000 1149.675049 0.000000 0.847135 0.000000 -0.531377 1.000000 1.000000 1.000000
4551.612793 0.000000 1117.058838 0.000000 0.971777 0.000000 -0.235903 1.000000 1.000000 1.000000
4603.903320 0.000000 1131.543823 0.000000 0.884627 0.000000 -0.466300 1.000000 1.000000 1.000000
4559.651367 0.000000 1114.322021 0.000000 0.708918 0.000000 -0.705291 1.000000 1.000000 1.000000
4596.119141 0.000000 1134.053711 0.000000 0.607716 0.000000 -0.794154 1.000000 1.000000 1.000000
4574.144531 0.000000 1136.401489 0.000000 0.980421 0.000000 -0.196914 1.000000 1.000000 1.000000
4577.696777 0.000000 1148.887451 0.000000 0.827255 0.000000 -0.561826 1.000000 1.000000 1.000000
4557.043945 0.000000 1108.517822 0.000000 0.999266 0.000000 -0.038316 1.000000 1.000000 1.000000
4558.814453 0.000000 1128.394287 0.000000 0.976961 0.000000 -0.213416 1.000000 1.000000 1.000000
4555.046387 0.000000 1129.315186 0.000000 0.907680 0.000000 -0.419663 1.000000 1.000000 1.000000
4560.054199 0.000000 1110.754517 0.000000 0.887759 0.000000 -0.460308 1.000000 1.000000 1.000000
4359.636230 0.000000 1181.043213 0.000000 0.958152 0.000000 -0.286261 1.000000 1.000000 1.000000
4514.949219 0.000000 1152.281250 0.000000 0.997607 0.000000 -0.069147 1.000000 1.000000 1.000000
4565.020020 0.000000 1152.072754 0.000000 0.737382 0.000000 -0.675476 1.000000 1.000000 1.000000
4719.708496 0.000000 1045.693359 0.000000 0.996198 0.000000 -0.087117 1.000000 1.000000 1.000000
4721.188965 0.000000 1037.231689 0.000000 0.784712 0.000000 -0.619861 1.000000 1.000000 1.000000
4712.971680 0.000000 1040.162109 0.000000 0.911469 0.000000 -0.411370 1.000000 1.000000 1.000000
4722.484375 0.000000 1042.479614 0.000000 0.937699 0.000000 -0.347449 1.000000 1.000000 1.000000
4632.453125 0.000000 1110.066528 0.000000 0.969666 0.000000 -0.244435 1.000000 1.000000 1.000000
4647.365723 0.000000 1113.318115 0.000000 0.987795 0.000000 -0.155760 1.000000 1.000000 1.000000
4622.177246 0.000000 1098.899414 0.000000 0.999936 0.000000 -0.011271 1.000000 1.000000 1.000000
4655.291016 0.000000 1096.608643 0.000000 0.632926 0.000000 -0.774212 1.000000 1.000000 1.000000
4706.952637 0.000000 1098.879272 0.000000 0.885474 0.000000 -0.464689 1.000000 1.000000 1.000000
4700.202637 0.000000 1103.045166 0.000000 0.999217 0.000000 -0.039555 1.000000 1.000000 1.000000
4696.715332 0.000000 1105.686768 0.000000 0.894748 0.000000 -0.446571 1.000000 1.000000 1.000000
4716.953613 0.000000 1092.660400 0.000000 0.975684 0.000000 -0.219184 1.000000 1.000000 1.000000
4696.888184 0.000000 1089.396851 0.000000 0.618270 0.000000 -0.785965 1.000000 1.000000 1.000000
4687.472168 0.000000 1095.290283 0.000000 0.769568 0.000000 -0.638565 1.000000 1.000000 1.000000
4769.211426 0.000000 1044.661987 0.000000 0.998727 0.000000 -0.050446 1.000000 1.000000 1.000000
4793.833008 0.000000 1037.275513 0.000000 0.967839 0.000000 -0.251571 1.000000 1.000000 1.000000
4781.311523 0.000000 1067.050537 0.000000 0.969539 0.000000 -0.244935 1.000000 1.000000 1.000000
4781.560059 0.000000 1054.036377 0.000000 0.738704 0.000000 -0.674030 1.000000 1.000000 1.000000
4775.350098 0.000000 1049.333740 0.000000 0.987822 0.000000 -0.155590 1.000000 1.000000 1.000000
4795.086914 0.000000 1030.127563 0.000000 0.972130 0.000000 -0.234443 1.000000 1.000000 1.000000
4737.739746 0.000000 1033.211792 0.000000 0.898004 0.000000 -0.439987 1.000000 1.000000 1.000000
4790.118164 0.000000 1035.013794 0.000000 0.890213 0.000000 -0.455545 1.000000 1.000000 1.000000
4768.508789 0.000000 1056.009399 0.000000 0.995838 0.000000 -0.091145 1.000000 1.000000 1.000000
4786.641602 0.000000 1027.199219 0.000000 0.691494 0.000000 -0.722382 1.000000 1.000000 1.000000
4842.399902 0.000000 1031.696655 0.000000 0.766075 0.000000 -0.642751 1.000000 1.000000 1.000000
4859.872070 0.000000 1067.559448 0.000000 0.964572 0.000000 -0.263819 1.000000 1.000000 1.000000
4840.956055 0.000000 1040.162109 0.000000 0.955765 0.000000 -0.294132 1.000000 1.000000 1.000000
4846.964355 0.000000 1025.178101 0.000000 0.922595 0.000000 -0.385769 1.000000 1.000000 1.000000
4860.844238 0.000000 1044.573608 0.000000 0.914900 0.000000 -0.403680 1.000000 1.000000 1.000000
4847.267578 0.000000 1032.624268 0.000000 0.591372 0.000000 -0.806399 1.000000 1.000000 1.000000
4813.012695 0.000000 1044.533447 0.000000 0.765929 0.000000 -0.642926 1.000000 1.000000 1.000000
4830.491699 0.000000 1035.162354 0.000000 0.674737 0.000000 -0.738058 1.000000 1.000000 1.000000
4897.195801 0.000000 1044.661987 0.000000 0.884079 0.000000 -0.467338 1.000000 1.000000 1.000000
4879.612305 0.000000 1050.337646 0.000000 0.999954 0.000000 -0.009599 1.000000 1.000000 1.000000
4868.767578 0.000000 1048.076416 0.000000 0.999283 0.000000 -0.037869 1.000000 1.000000 1.000000
"}
object={
	name="tree_cypress_01_generator_1_2"
	clamp_to_water_level=no
	render_under_water=no
	generated_content=yes
	layer="tree_high_layer"
	pdxmesh="tree_cypress_01_c_mesh"
	count=93
	transform="4554.818359 0.000000 997.573669 0.000000 0.266618 0.000000 -0.963802 1.000000 1.000000 1.000000
4563.070801 0.000000 997.984924 0.000000 0.213774 0.000000 -0.976883 1.000000 1.000000 1.000000
4594.621582 0.000000 1014.331116 0.000000 0.360333 0.000000 -0.932824 1.000000 1.000000 1.000000
4561.526855 0.000000 1012.209839 0.000000 0.235455 0.000000 -0.971885 1.000000 1.000000 1.000000
4553.807617 0.000000 1021.463501 0.000000 0.015873 0.000000 -0.999874 1.000000 1.000000 1.000000
4601.115234 0.000000 1007.460571 0.000000 0.399283 0.000000 -0.916828 1.000000 1.000000 1.000000
4563.219238 0.000000 1008.103516 0.000000 0.402473 0.000000 -0.915432 1.000000 1.000000 1.000000
4609.413574 0.000000 1002.776978 0.000000 0.205192 0.000000 -0.978722 1.000000 1.000000 1.000000
4623.878906 0.000000 1005.123718 0.000000 0.219986 0.000000 -0.975503 1.000000 1.000000 1.000000
4634.407715 0.000000 1001.571106 0.000000 0.269204 0.000000 -0.963083 1.000000 1.000000 1.000000
4616.698730 0.000000 1014.592163 0.000000 0.270741 0.000000 -0.962652 1.000000 1.000000 1.000000
4619.946289 0.000000 1012.655151 0.000000 0.267989 0.000000 -0.963422 1.000000 1.000000 1.000000
4699.797363 0.000000 967.430359 0.000000 0.417299 0.000000 -0.908769 1.000000 1.000000 1.000000
4708.778320 0.000000 992.896057 0.000000 0.214370 0.000000 -0.976753 1.000000 1.000000 1.000000
4671.660645 0.000000 984.644165 0.000000 0.456125 0.000000 -0.889916 1.000000 1.000000 1.000000
4672.144043 0.000000 993.931274 0.000000 0.426288 0.000000 -0.904587 1.000000 1.000000 1.000000
4707.719238 0.000000 976.315674 0.000000 0.258391 0.000000 -0.966040 1.000000 1.000000 1.000000
4704.092773 0.000000 975.169250 0.000000 0.169612 0.000000 -0.985511 1.000000 1.000000 1.000000
4701.525879 0.000000 999.338196 0.000000 0.064235 0.000000 -0.997935 1.000000 1.000000 1.000000
4792.062500 0.000000 1012.119751 0.000000 0.195501 0.000000 -0.980703 1.000000 1.000000 1.000000
4787.119141 0.000000 996.600037 0.000000 0.165227 0.000000 -0.986255 1.000000 1.000000 1.000000
4752.488770 0.000000 977.183228 0.000000 0.139857 0.000000 -0.990172 1.000000 1.000000 1.000000
4795.879883 0.000000 1003.575073 0.000000 0.088927 0.000000 -0.996038 1.000000 1.000000 1.000000
4751.005371 0.000000 992.714539 0.000000 0.315795 0.000000 -0.948828 1.000000 1.000000 1.000000
4749.405762 0.000000 1009.425110 0.000000 0.132513 0.000000 -0.991181 1.000000 1.000000 1.000000
4793.091797 0.000000 1007.460571 0.000000 0.083395 0.000000 -0.996517 1.000000 1.000000 1.000000
4761.611816 0.000000 987.604980 0.000000 0.230857 0.000000 -0.972988 1.000000 1.000000 1.000000
4787.292969 0.000000 1001.472107 0.000000 0.478303 0.000000 -0.878195 1.000000 1.000000 1.000000
4744.683105 0.000000 1014.592163 0.000000 0.455341 0.000000 -0.890317 1.000000 1.000000 1.000000
4748.028320 0.000000 989.399414 0.000000 0.042460 0.000000 -0.999098 1.000000 1.000000 1.000000
4793.779785 0.000000 982.706360 0.000000 0.505787 0.000000 -0.862658 1.000000 1.000000 1.000000
4748.591797 0.000000 995.368591 0.000000 0.510840 0.000000 -0.859676 1.000000 1.000000 1.000000
4741.948242 0.000000 1015.645813 0.000000 0.048417 0.000000 -0.998827 1.000000 1.000000 1.000000
4801.390137 0.000000 1002.776978 0.000000 0.510569 0.000000 -0.859837 1.000000 1.000000 1.000000
4800.128418 0.000000 993.931274 0.000000 0.388742 0.000000 -0.921347 1.000000 1.000000 1.000000
4826.982910 0.000000 992.015930 0.000000 0.124918 0.000000 -0.992167 1.000000 1.000000 1.000000
4802.222656 0.000000 999.707886 0.000000 0.494167 0.000000 -0.869367 1.000000 1.000000 1.000000
4344.117188 0.000000 1140.088501 0.000000 0.437329 0.000000 -0.899302 1.000000 1.000000 1.000000
4347.934570 0.000000 1131.543823 0.000000 0.438776 0.000000 -0.898596 1.000000 1.000000 1.000000
4303.682617 0.000000 1178.306396 0.000000 0.242281 0.000000 -0.970206 1.000000 1.000000 1.000000
4348.747070 0.000000 1187.870605 0.000000 0.420254 0.000000 -0.907407 1.000000 1.000000 1.000000
4299.334961 0.000000 1167.147339 0.000000 0.382525 0.000000 -0.923945 1.000000 1.000000 1.000000
4308.257324 0.000000 1169.562256 0.000000 0.462848 0.000000 -0.886438 1.000000 1.000000 1.000000
4406.840820 0.000000 1108.260620 0.000000 0.246344 0.000000 -0.969183 1.000000 1.000000 1.000000
4421.022949 0.000000 1146.290405 0.000000 0.552716 0.000000 -0.833370 1.000000 1.000000 1.000000
4415.691895 0.000000 1112.612915 0.000000 0.346212 0.000000 -0.938156 1.000000 1.000000 1.000000
4516.658203 0.000000 1069.667603 0.000000 0.489955 0.000000 -0.871748 1.000000 1.000000 1.000000
4506.423340 0.000000 1065.555542 0.000000 0.548075 0.000000 -0.836429 1.000000 1.000000 1.000000
4484.365234 0.000000 1077.170776 0.000000 0.523483 0.000000 -0.852036 1.000000 1.000000 1.000000
4488.714355 0.000000 1078.576538 0.000000 0.518864 0.000000 -0.854857 1.000000 1.000000 1.000000
4571.812988 0.000000 1031.414673 0.000000 0.041714 0.000000 -0.999130 1.000000 1.000000 1.000000
4506.423340 0.000000 1129.539917 0.000000 0.378166 0.000000 -0.925738 1.000000 1.000000 1.000000
4513.704590 0.000000 1148.887451 0.000000 0.097183 0.000000 -0.995266 1.000000 1.000000 1.000000
4537.756836 0.000000 1119.723389 0.000000 0.568861 0.000000 -0.822434 1.000000 1.000000 1.000000
4508.164062 0.000000 1146.431274 0.000000 0.142300 0.000000 -0.989824 1.000000 1.000000 1.000000
4551.702637 0.000000 1131.226807 0.000000 0.398722 0.000000 -0.917072 1.000000 1.000000 1.000000
4565.510742 0.000000 1132.357178 0.000000 0.425035 0.000000 -0.905177 1.000000 1.000000 1.000000
4563.321777 0.000000 1109.213257 0.000000 0.119412 0.000000 -0.992845 1.000000 1.000000 1.000000
4563.219238 0.000000 1136.072266 0.000000 0.162885 0.000000 -0.986645 1.000000 1.000000 1.000000
4555.504395 0.000000 1133.388428 0.000000 0.404205 0.000000 -0.914668 1.000000 1.000000 1.000000
4595.954590 0.000000 1138.280029 0.000000 0.013429 0.000000 -0.999910 1.000000 1.000000 1.000000
4368.062012 0.000000 1155.473511 0.000000 0.143355 0.000000 -0.989671 1.000000 1.000000 1.000000
4362.641113 0.000000 1176.789917 0.000000 0.425938 0.000000 -0.904752 1.000000 1.000000 1.000000
4365.067383 0.000000 1172.502197 0.000000 0.450041 0.000000 -0.893008 1.000000 1.000000 1.000000
4363.572266 0.000000 1157.325073 0.000000 0.554187 0.000000 -0.832392 1.000000 1.000000 1.000000
4367.511230 0.000000 1159.274658 0.000000 0.005441 0.000000 -0.999985 1.000000 1.000000 1.000000
4666.707520 0.000000 1050.343018 0.000000 0.528905 0.000000 -0.848681 1.000000 1.000000 1.000000
4718.002930 0.000000 1041.080811 0.000000 0.179012 0.000000 -0.983847 1.000000 1.000000 1.000000
4716.063477 0.000000 1036.408569 0.000000 0.146390 0.000000 -0.989227 1.000000 1.000000 1.000000
4709.916504 0.000000 1044.423584 0.000000 0.070828 0.000000 -0.997489 1.000000 1.000000 1.000000
4733.444336 0.000000 1034.017822 0.000000 0.141125 0.000000 -0.989992 1.000000 1.000000 1.000000
4609.413574 0.000000 1130.745728 0.000000 0.168318 0.000000 -0.985733 1.000000 1.000000 1.000000
4650.423340 0.000000 1095.681030 0.000000 0.414533 0.000000 -0.910034 1.000000 1.000000 1.000000
4630.165527 0.000000 1102.054077 0.000000 0.038982 0.000000 -0.999240 1.000000 1.000000 1.000000
4650.645508 0.000000 1109.514038 0.000000 0.175108 0.000000 -0.984549 1.000000 1.000000 1.000000
4645.924316 0.000000 1108.407959 0.000000 0.570737 0.000000 -0.821133 1.000000 1.000000 1.000000
4647.672852 0.000000 1099.769409 0.000000 0.074197 0.000000 -0.997244 1.000000 1.000000 1.000000
4712.971680 0.000000 1104.146484 0.000000 0.491455 0.000000 -0.870903 1.000000 1.000000 1.000000
4678.218262 0.000000 1092.421875 0.000000 0.149714 0.000000 -0.988729 1.000000 1.000000 1.000000
4718.002930 0.000000 1105.065186 0.000000 0.253905 0.000000 -0.967229 1.000000 1.000000 1.000000
4752.488770 0.000000 1041.167603 0.000000 0.570991 0.000000 -0.820956 1.000000 1.000000 1.000000
4760.437500 0.000000 1046.082153 0.000000 0.579038 0.000000 -0.815300 1.000000 1.000000 1.000000
4766.355957 0.000000 1052.009399 0.000000 0.233531 0.000000 -0.972349 1.000000 1.000000 1.000000
4780.638184 0.000000 1060.139526 0.000000 0.038278 0.000000 -0.999267 1.000000 1.000000 1.000000
4752.015137 0.000000 1027.504761 0.000000 0.375712 0.000000 -0.926736 1.000000 1.000000 1.000000
4797.069824 0.000000 1024.556519 0.000000 0.090192 0.000000 -0.995924 1.000000 1.000000 1.000000
4776.835938 0.000000 1058.182983 0.000000 0.021060 0.000000 -0.999778 1.000000 1.000000 1.000000
4808.215820 0.000000 1044.078125 0.000000 0.310221 0.000000 -0.950665 1.000000 1.000000 1.000000
4854.786133 0.000000 1044.276245 0.000000 0.269303 0.000000 -0.963056 1.000000 1.000000 1.000000
4839.649414 0.000000 1035.785034 0.000000 0.182044 0.000000 -0.983290 1.000000 1.000000 1.000000
4865.382324 0.000000 1066.761353 0.000000 0.010684 0.000000 -0.999943 1.000000 1.000000 1.000000
4894.340332 0.000000 1052.009399 0.000000 0.411270 0.000000 -0.911514 1.000000 1.000000 1.000000
4888.813965 0.000000 1060.480713 0.000000 0.156888 0.000000 -0.987616 1.000000 1.000000 1.000000
"}
