object={
	name="lakes"
	render_pass=Map
	clamp_to_water_level=no
	generated_content=no
	layer="lake_layer"
	pdxmesh="lake_mesh"
	count=7
	transform="3527.118164 4.810547 2529.922363 0.000000 0.000000 0.000000 1.000000 246.216431 246.216431 246.216431
2801.888184 2.866943 2569.633301 0.000000 -0.896014 0.000000 -0.444026 235.750626 235.750626 235.750626
6663.661621 2.906006 1897.694824 0.000000 0.111038 0.000000 0.993816 68.684105 68.684105 68.684105
5154.568848 2.638062 2051.263672 0.000000 -0.412032 0.000000 0.911170 165.990601 165.990601 165.990601
2596.419189 0.000000 2510.690674 0.000000 0.000000 0.000000 1.000000 1.000000 1.000000 1.000000
3226.583008 0.883789 2158.833252 0.000000 -0.443229 0.000000 0.896408 17.078512 17.078512 17.078512
4044.844238 2.300537 1732.054199 0.000000 -0.723970 0.000000 0.689832 22.242992 22.242992 22.242992
"}
